"date","positive","death","positiveIncrease","deathIncrease"
2020-01-22,0,0,0,0
2020-01-23,0,0,0,0
2020-01-24,0,0,0,0
2020-01-25,0,0,0,0
2020-01-26,0,0,0,0
2020-01-27,0,0,0,0
2020-01-28,0,0,0,0
2020-01-29,0,0,0,0
2020-01-30,0,0,0,0
2020-01-31,0,0,0,0
2020-02-01,0,0,0,0
2020-02-02,0,0,0,0
2020-02-03,0,0,0,0
2020-02-04,0,0,0,0
2020-02-05,0,0,0,0
2020-02-06,0,0,0,0
2020-02-07,0,0,0,0
2020-02-08,0,0,0,0
2020-02-09,0,0,0,0
2020-02-10,0,0,0,0
2020-02-11,0,0,0,0
2020-02-12,0,0,0,0
2020-02-13,0,0,0,0
2020-02-14,0,0,0,0
2020-02-15,0,0,0,0
2020-02-16,0,0,0,0
2020-02-17,0,0,0,0
2020-02-18,0,0,0,0
2020-02-19,0,0,0,0
2020-02-20,0,0,0,0
2020-02-21,0,0,0,0
2020-02-22,0,0,0,0
2020-02-23,0,0,0,0
2020-02-24,0,0,0,0
2020-02-25,0,0,0,0
2020-02-26,0,0,0,0
2020-02-27,0,0,0,0
2020-02-28,0,0,0,0
2020-02-29,0,0,0,0
2020-03-01,0,0,0,0
2020-03-02,0,0,0,0
2020-03-03,0,0,0,0
2020-03-04,0,0,0,0
2020-03-05,2,0,2,0
2020-03-06,8,0,6,0
2020-03-07,8,0,0,0
2020-03-08,8,0,0,0
2020-03-09,12,0,4,0
2020-03-10,17,0,5,0
2020-03-11,34,0,17,0
2020-03-12,49,1,15,1
2020-03-13,78,2,29,1
2020-03-14,103,2,25,0
2020-03-15,136,2,33,0
2020-03-16,161,2,25,0
2020-03-17,183,3,22,1
2020-03-18,216,3,33,0
2020-03-19,278,5,62,2
2020-03-20,364,5,86,0
2020-03-21,475,6,111,1
2020-03-22,595,7,120,1
2020-03-23,723,7,128,0
2020-03-24,912,11,189,4
2020-03-25,1087,20,175,9
2020-03-26,1430,19,343,-1
2020-03-27,1738,31,308,12
2020-03-28,2061,44,323,13
2020-03-29,2308,47,247,3
2020-03-30,2627,51,319,4
2020-03-31,2966,69,339,18
2020-04-01,3342,79,376,10
2020-04-02,3728,97,386,18
2020-04-03,4173,111,445,14
2020-04-04,4565,126,392,15
2020-04-05,4950,140,385,14
2020-04-06,5183,150,233,10
2020-04-07,5429,179,246,29
2020-04-08,5655,193,226,14
2020-04-09,6202,226,547,33
2020-04-10,6513,250,311,24
2020-04-11,6893,274,380,24
2020-04-12,7307,289,414,15
2020-04-13,7696,306,389,17
2020-04-14,7950,327,254,21
2020-04-15,8280,354,330,27
2020-04-16,8675,372,395,18
2020-04-17,9047,389,372,17
2020-04-18,9440,411,393,22
2020-04-19,9730,420,290,9
2020-04-20,10112,447,382,27
2020-04-21,10473,483,361,36
2020-04-22,10891,506,418,23
2020-04-23,11278,552,387,46
2020-04-24,12256,674,978,122
2020-04-25,12968,684,712,10
2020-04-26,13441,688,473,4
2020-04-27,13879,706,438,18
2020-04-28,14316,736,437,30
2020-04-29,14758,766,442,30
2020-04-30,15284,777,526,11
2020-05-01,15793,821,509,44
2020-05-02,16225,832,432,11
2020-05-03,16635,842,410,10
2020-05-04,16918,851,283,9
2020-05-05,17367,903,449,52
2020-05-06,17832,919,465,16
2020-05-07,18370,944,538,25
2020-05-08,18827,960,457,16
2020-05-09,19375,967,548,7
2020-05-10,19703,971,328,4
2020-05-11,19879,987,176,16
2020-05-12,20157,1010,278,23
2020-05-13,20475,1062,318,52
2020-05-14,20838,1086,363,24
2020-05-15,21232,1150,394,64
2020-05-16,21633,1192,401,42
2020-05-17,21938,1215,305,23
2020-05-18,22202,1224,264,9
2020-05-19,22482,1257,280,33
2020-05-20,22797,1299,315,42
2020-05-21,23191,1310,394,11
2020-05-22,23487,1324,296,14
2020-05-23,23964,1327,477,3
2020-05-24,24174,1332,210,5
2020-05-25,24269,1333,95,1
2020-05-26,24565,1352,296,19
2020-05-27,24767,1392,202,40
2020-05-28,25121,1421,354,29
2020-05-29,25612,1436,491,15
2020-05-30,26098,1443,486,7
2020-05-31,26378,1445,280,2
2020-06-01,26577,1458,199,13
2020-06-02,26788,1474,211,16
2020-06-03,27060,1494,272,20
2020-06-04,27360,1512,300,18
2020-06-05,27615,1524,255,12
2020-06-06,27848,1527,233,3
2020-06-07,28001,1527,153,0
2020-06-08,28183,1543,182,16
2020-06-09,28347,1553,164,10
2020-06-10,28499,1572,152,19
2020-06-11,28647,1582,148,10
2020-06-12,28822,1582,175,0
2020-06-13,29017,1597,195,15
2020-06-14,29130,1598,113,1
2020-06-15,29299,1605,169,7
2020-06-16,29442,1617,143,12
2020-06-17,29671,1631,229,14
2020-06-18,29901,1638,230,7
2020-06-19,30187,1643,286,5
2020-06-20,30348,1647,161,4
2020-06-21,30539,1647,191,0
2020-06-22,30705,1651,166,4
2020-06-23,30893,1665,188,14
2020-06-24,31155,1667,262,2
2020-06-25,31479,1669,324,2
2020-06-26,31796,1673,317,4
2020-06-27,32022,1674,226,1
2020-06-28,32307,1676,285,2
2020-06-29,32511,1681,204,5
2020-06-30,32715,1690,204,9
2020-07-01,33029,1697,314,7
2020-07-02,33352,1701,323,4
2020-07-03,33612,1701,260,0
2020-07-04,33866,1701,254,0
2020-07-05,34065,1701,199,0
2020-07-06,34257,1691,192,-10
2020-07-07,34664,1696,407,5
2020-07-08,35116,1704,452,8
2020-07-09,35525,1706,409,2
2020-07-10,36191,1724,666,18
2020-07-11,36591,1725,400,1
2020-07-12,36913,1725,322,0
2020-07-13,37236,1727,323,2
2020-07-14,37686,1738,450,11
2020-07-15,38155,1744,469,6
2020-07-16,38726,1745,571,1
2020-07-17,39344,1751,618,6
2020-07-18,39788,1752,444,1
2020-07-19,40142,1752,354,0
2020-07-20,40566,1758,424,6
2020-07-21,41059,1763,493,5
2020-07-22,41698,1771,639,8
2020-07-23,42313,1786,615,15
2020-07-24,42980,1790,667,4
2020-07-25,43789,1794,809,4
2020-07-26,44336,1794,547,0
2020-07-27,44565,1799,229,5
2020-07-28,45314,1807,749,8
2020-07-29,45796,1822,482,15
2020-07-30,46204,1822,408,0
2020-07-31,46809,1838,605,16
2020-08-01,47267,1844,458,6
2020-08-02,47727,1844,460,0
2020-08-03,47968,1844,241,0
2020-08-04,48394,1849,426,5
2020-08-05,48988,1851,594,2
2020-08-06,49436,1852,448,1
2020-08-07,49893,1857,457,5
2020-08-08,50324,1857,431,0
2020-08-09,50660,1858,336,1
2020-08-10,51038,1862,378,4
2020-08-11,51441,1874,403,12
2020-08-12,51756,1875,315,1
2020-08-13,52219,1882,463,7
2020-08-14,52538,1888,319,6
2020-08-15,52838,1896,300,8
2020-08-16,53176,1896,338,0
2020-08-17,53370,1896,194,0
2020-08-18,53631,1899,261,3
2020-08-19,53901,1900,270,1
2020-08-20,54230,1903,329,3
2020-08-21,54230,1910,0,7
2020-08-22,54883,1918,653,8
2020-08-23,55143,1918,260,0
2020-08-24,55341,1919,198,1
2020-08-25,55800,1926,459,7
2020-08-26,55993,1927,193,1
2020-08-27,56343,1931,350,4
2020-08-28,56773,1937,430,6
2020-08-29,57040,1942,267,5
2020-08-30,57223,1942,183,0
2020-08-31,57424,1945,201,3
2020-09-01,57775,1946,351,1
2020-09-02,58019,1952,244,6
2020-09-03,58287,1955,268,3
2020-09-04,58287,1955,0,0
2020-09-05,58986,1971,699,16
2020-09-06,59271,1972,285,1
2020-09-07,59484,1973,213,1
2020-09-08,59671,1973,187,0
2020-09-09,59911,1977,240,4
2020-09-10,60175,1979,264,2
2020-09-11,60482,1985,307,6
2020-09-12,60896,1988,414,3
2020-09-13,61313,1988,417,0
2020-09-14,61687,1990,374,2
2020-09-15,62099,1996,412,6
2020-09-16,62686,2002,587,6
2020-09-17,63145,2006,459,4
2020-09-18,63750,2009,605,3
2020-09-19,64356,2013,606,4
2020-09-20,64857,2014,501,1
2020-09-21,65399,2018,542,4
2020-09-22,66053,2025,654,7
2020-09-23,66669,2030,616,5
2020-09-24,67217,2033,548,3
2020-09-25,67926,2034,709,1
2020-09-26,68510,2040,584,6
2020-09-27,69079,2041,569,1
2020-09-28,69490,2044,411,3
2020-09-29,70025,2046,535,2
2020-09-30,70536,2051,511,5
2020-10-01,71218,2054,682,3
2020-10-02,71898,2057,680,3
2020-10-03,72555,2060,657,3
2020-10-04,73076,2068,521,8
2020-10-05,73537,2069,461,1
2020-10-06,74191,2081,654,12
2020-10-07,74922,2085,731,4
2020-10-08,75785,2095,863,10
2020-10-09,76619,2103,834,8
2020-10-10,77642,2112,1023,9
2020-10-11,78461,2113,819,1
2020-10-12,79037,2116,576,3
2020-10-13,80085,2153,1048,37
2020-10-14,80777,2160,692,7
2020-10-15,81918,2162,1141,2
2020-10-16,83230,2172,1312,10
2020-10-17,84369,2176,1139,4
2020-10-18,85302,2176,933,0
2020-10-19,86374,2180,1072,4
2020-10-20,87582,2182,1208,2
2020-10-21,88849,2194,1267,12
2020-10-22,90222,2198,1373,4
2020-10-23,91572,2211,1350,13
2020-10-24,93400,2218,1828,7
2020-10-25,95089,2223,1689,5
2020-10-26,97300,2226,2211,3
2020-10-27,98733,2236,1433,10
2020-10-28,100208,2249,1475,13
2020-10-29,102014,2268,1806,19
2020-10-30,104426,2278,2412,10
2020-10-31,107350,2285,2924,7
2020-11-01,109910,2288,2560,3
2020-11-02,112147,2292,2237,4
2020-11-03,114709,2311,2562,19
2020-11-04,117637,2333,2928,22
2020-11-05,121006,2353,3369,20
2020-11-06,124469,2376,3463,23
2020-11-07,127967,2389,3498,13
2020-11-08,130984,2394,3017,5
2020-11-09,134537,2408,3553,14
2020-11-10,138427,2427,3890,19
2020-11-11,142402,2443,3975,16
2020-11-12,147599,2468,5197,25
2020-11-13,154038,2504,6439,36
2020-11-14,159234,2525,5196,21
2020-11-15,163417,2546,4183,21
2020-11-16,167713,2578,4296,32
2020-11-17,172044,2608,4331,30
2020-11-18,176694,2651,4650,43
2020-11-19,182801,2730,6107,79
2020-11-20,188566,2745,5765,15
2020-11-21,194679,2787,6113,42
2020-11-22,198600,2806,3921,19
2020-11-23,202289,2810,3689,4
2020-11-24,206439,2860,4150,50
2020-11-25,210630,2906,4191,46
2020-11-26,216683,2957,6053,51
2020-11-27,220953,2977,4270,20
2020-11-28,225283,2983,4330,6
2020-11-29,228772,3003,3489,20
2020-11-30,232905,3037,4133,34
2020-12-01,237310,3109,4405,72
2020-12-02,241172,3193,3862,84
2020-12-03,247209,3320,6037,127
2020-12-04,252222,3338,5013,18
2020-12-05,257347,3357,5125,19
2020-12-06,260581,3356,3234,-1
2020-12-07,264618,3358,4037,2
2020-12-08,268589,3372,3971,14
2020-12-09,272346,3639,3757,267
2020-12-10,276995,3759,4649,120
2020-12-11,281673,3846,4678,87
2020-12-12,285634,3871,3961,25
2020-12-13,288193,3958,2559,87
2020-12-14,291104,3969,2911,11
2020-12-15,293382,4085,2278,116
2020-12-16,296716,4156,3334,71
2020-12-17,300414,4226,3698,70
2020-12-18,304107,4259,3693,33
2020-12-19,306598,4339,2491,80
2020-12-20,308890,4368,2292,29
2020-12-21,311036,4378,2146,10
2020-12-22,313552,4369,2516,-9
2020-12-23,316500,4462,2948,93
2020-12-24,319530,4550,3030,88
2020-12-25,322189,4586,2659,36
2020-12-26,323619,4592,1430,6
2020-12-27,325018,4610,1399,18
2020-12-28,326668,4631,1650,21
2020-12-29,328408,4687,1740,56
2020-12-30,330859,4750,2451,63
2020-12-31,334097,4814,3238,64
