"date","positive","death","positiveIncrease","deathIncrease"
2020-01-22,0,0,0,0
2020-01-23,0,0,0,0
2020-01-24,0,0,0,0
2020-01-25,0,0,0,0
2020-01-26,0,0,0,0
2020-01-27,0,0,0,0
2020-01-28,0,0,0,0
2020-01-29,0,0,0,0
2020-01-30,0,0,0,0
2020-01-31,0,0,0,0
2020-02-01,0,0,0,0
2020-02-02,0,0,0,0
2020-02-03,0,0,0,0
2020-02-04,0,0,0,0
2020-02-05,0,0,0,0
2020-02-06,0,0,0,0
2020-02-07,0,0,0,0
2020-02-08,0,0,0,0
2020-02-09,0,0,0,0
2020-02-10,0,0,0,0
2020-02-11,0,0,0,0
2020-02-12,0,0,0,0
2020-02-13,0,0,0,0
2020-02-14,0,0,0,0
2020-02-15,0,0,0,0
2020-02-16,0,0,0,0
2020-02-17,0,0,0,0
2020-02-18,0,0,0,0
2020-02-19,0,0,0,0
2020-02-20,0,0,0,0
2020-02-21,0,0,0,0
2020-02-22,0,0,0,0
2020-02-23,0,0,0,0
2020-02-24,0,0,0,0
2020-02-25,0,0,0,0
2020-02-26,0,0,0,0
2020-02-27,0,0,0,0
2020-02-28,0,0,0,0
2020-02-29,0,0,0,0
2020-03-01,0,0,0,0
2020-03-02,0,0,0,0
2020-03-03,0,0,0,0
2020-03-04,0,0,0,0
2020-03-05,0,0,0,0
2020-03-06,0,0,0,0
2020-03-07,0,0,0,0
2020-03-08,0,0,0,0
2020-03-09,3,0,3,0
2020-03-10,8,0,5,0
2020-03-11,13,0,5,0
2020-03-12,14,0,1,0
2020-03-13,17,0,3,0
2020-03-14,17,0,0,0
2020-03-15,18,0,1,0
2020-03-16,23,0,5,0
2020-03-17,23,0,0,0
2020-03-18,38,0,15,0
2020-03-19,44,0,6,0
2020-03-20,45,0,1,0
2020-03-21,69,0,24,0
2020-03-22,90,0,21,0
2020-03-23,105,0,15,0
2020-03-24,124,0,19,0
2020-03-25,146,1,22,1
2020-03-26,179,1,33,0
2020-03-27,235,3,56,2
2020-03-28,298,3,63,0
2020-03-29,336,4,38,1
2020-03-30,424,6,88,2
2020-03-31,497,7,73,1
2020-04-01,547,9,50,2
2020-04-02,614,11,67,2
2020-04-03,699,11,85,0
2020-04-04,787,14,88,3
2020-04-05,869,18,82,4
2020-04-06,946,25,77,7
2020-04-07,1046,25,100,0
2020-04-08,1145,27,99,2
2020-04-09,1270,29,125,2
2020-04-10,1388,31,118,2
2020-04-11,1510,34,122,3
2020-04-12,1587,41,77,7
2020-04-13,1710,41,123,0
2020-04-14,1899,49,189,8
2020-04-15,1995,53,96,4
2020-04-16,2141,60,146,7
2020-04-17,2332,64,191,4
2020-04-18,2513,74,181,10
2020-04-19,2902,75,389,1
2020-04-20,3159,79,257,4
2020-04-21,3641,83,482,4
2020-04-22,3748,90,107,7
2020-04-23,3924,96,176,6
2020-04-24,4445,107,521,11
2020-04-25,5092,112,647,5
2020-04-26,5476,118,384,6
2020-04-27,5868,127,392,9
2020-04-28,6376,136,508,9
2020-04-29,6843,148,467,12
2020-04-30,7145,162,302,14
2020-05-01,7884,170,739,8
2020-05-02,8643,175,759,5
2020-05-03,9175,184,532,9
2020-05-04,9703,188,528,4
2020-05-05,10111,207,408,19
2020-05-06,10404,219,293,12
2020-05-07,11059,231,655,12
2020-05-08,11457,243,398,12
2020-05-09,11671,252,214,9
2020-05-10,11959,265,288,13
2020-05-11,12373,271,414,6
2020-05-12,12912,289,539,18
2020-05-13,13289,306,377,17
2020-05-14,13675,318,386,12
2020-05-15,14049,336,374,18
2020-05-16,14328,346,279,10
2020-05-17,14651,351,323,5
2020-05-18,14955,355,304,4
2020-05-19,15296,367,341,12
2020-05-20,15620,393,324,26
2020-05-21,16170,410,550,17
2020-05-22,16492,424,322,14
2020-05-23,16898,446,406,22
2020-05-24,17251,456,353,10
2020-05-25,17557,456,306,0
2020-05-26,17703,477,146,21
2020-05-27,18369,496,666,19
2020-05-28,18586,506,217,10
2020-05-29,18957,524,371,18
2020-05-30,19244,531,287,7
2020-05-31,19552,535,308,4
2020-06-01,19699,555,147,20
2020-06-02,20019,561,320,6
2020-06-03,20300,574,281,13
2020-06-04,20806,583,506,9
2020-06-05,21154,593,348,10
2020-06-06,21478,599,324,6
2020-06-07,21712,605,234,6
2020-06-08,22007,617,295,12
2020-06-09,22237,626,230,9
2020-06-10,22626,631,389,5
2020-06-11,22973,640,347,9
2020-06-12,23350,644,377,4
2020-06-13,23717,650,367,6
2020-06-14,23926,652,209,2
2020-06-15,24082,658,156,6
2020-06-16,24179,665,97,7
2020-06-17,24460,675,281,10
2020-06-18,24861,680,401,5
2020-06-19,25274,681,413,1
2020-06-20,25496,681,222,0
2020-06-21,25963,686,467,5
2020-06-22,26146,686,183,0
2020-06-23,26469,689,323,3
2020-06-24,26601,690,132,1
2020-06-25,27373,696,772,6
2020-06-26,27717,704,344,8
2020-06-27,28073,704,356,0
2020-06-28,28520,706,447,2
2020-06-29,28845,711,325,5
2020-06-30,29074,716,229,5
2020-07-01,29514,717,440,1
2020-07-02,30259,719,745,2
2020-07-03,30463,721,204,2
2020-07-04,31061,721,598,0
2020-07-05,31517,721,456,0
2020-07-06,31758,723,241,2
2020-07-07,32153,732,395,9
2020-07-08,32624,736,471,4
2020-07-09,33254,741,630,5
2020-07-10,34172,743,918,2
2020-07-11,34658,748,486,5
2020-07-12,35410,752,752,4
2020-07-13,35631,755,221,3
2020-07-14,35866,757,235,2
2020-07-15,36536,777,670,20
2020-07-16,37350,781,814,4
2020-07-17,37903,785,553,4
2020-07-18,38313,789,410,4
2020-07-19,38813,793,500,4
2020-07-20,39343,798,530,5
2020-07-21,39721,806,378,8
2020-07-22,40208,814,487,8
2020-07-23,40796,820,588,6
2020-07-24,41434,826,638,6
2020-07-25,41886,826,452,0
2020-07-26,42357,829,471,3
2020-07-27,42696,836,339,7
2020-07-28,42928,839,232,3
2020-07-29,43623,854,695,15
2020-07-30,44285,865,662,11
2020-07-31,44753,872,468,7
2020-08-01,45293,874,540,2
2020-08-02,45723,878,430,4
2020-08-03,45905,884,182,6
2020-08-04,46231,888,326,4
2020-08-05,46836,900,605,12
2020-08-06,47559,912,723,12
2020-08-07,48040,915,481,3
2020-08-08,48535,927,495,12
2020-08-09,48919,931,384,4
2020-08-10,49165,934,246,3
2020-08-11,49521,946,356,12
2020-08-12,49973,953,452,7
2020-08-13,50373,960,400,7
2020-08-14,51247,970,874,10
2020-08-15,52065,975,818,5
2020-08-16,52447,975,382,0
2020-08-17,52829,987,382,12
2020-08-18,53201,1002,372,15
2020-08-19,53523,1010,322,8
2020-08-20,54533,1016,1010,6
2020-08-21,55331,1029,798,13
2020-08-22,55996,1033,665,4
2020-08-23,56446,1037,450,4
2020-08-24,56909,1047,463,10
2020-08-25,57606,1059,697,12
2020-08-26,58807,1071,1201,12
2020-08-27,61488,1091,2681,20
2020-08-28,62828,1108,1340,17
2020-08-29,63612,1100,784,-8
2020-08-30,64599,1113,987,13
2020-08-31,65139,1120,540,7
2020-09-01,65847,1125,708,5
2020-09-02,66463,1133,616,8
2020-09-03,67691,1136,1228,3
2020-09-04,68744,1158,1053,22
2020-09-05,69690,1164,946,6
2020-09-06,70215,1167,525,3
2020-09-07,70537,1170,322,3
2020-09-08,71019,1185,482,15
2020-09-09,71595,1204,576,19
2020-09-10,72458,1207,863,3
2020-09-11,73399,1216,941,9
2020-09-12,74205,1218,806,2
2020-09-13,74676,1220,471,2
2020-09-14,75064,1224,388,4
2020-09-15,75721,1234,657,10
2020-09-16,76652,1248,931,14
2020-09-17,77204,1250,552,2
2020-09-18,78839,1264,1635,14
2020-09-19,79804,1265,965,1
2020-09-20,80410,1265,606,0
2020-09-21,81007,1284,597,19
2020-09-22,81618,1293,611,9
2020-09-23,82871,1298,1253,5
2020-09-24,83991,1303,1120,5
2020-09-25,85031,1312,1040,9
2020-09-26,85908,1314,877,2
2020-09-27,86624,1316,716,2
2020-09-28,87257,1324,633,8
2020-09-29,88235,1341,978,17
2020-09-30,89247,1358,1012,17
2020-10-01,90428,1366,1181,8
2020-10-02,91482,1377,1054,11
2020-10-03,92301,1381,819,4
2020-10-04,92744,1387,443,6
2020-10-05,93260,1398,516,11
2020-10-06,93805,1413,545,15
2020-10-07,95093,1419,1288,6
2020-10-08,96657,1433,1564,14
2020-10-09,97881,1454,1224,21
2020-10-10,99042,1459,1161,5
2020-10-11,99943,1462,901,3
2020-10-12,100453,1481,510,19
2020-10-13,101422,1491,969,10
2020-10-14,102904,1505,1482,14
2020-10-15,104056,1516,1152,11
2020-10-16,105746,1524,1690,8
2020-10-17,106698,1528,952,4
2020-10-18,107334,1532,636,4
2020-10-19,108060,1548,726,16
2020-10-20,109202,1576,1142,28
2020-10-21,110250,1594,1048,18
2020-10-22,111733,1601,1483,7
2020-10-23,113376,1629,1643,28
2020-10-24,114836,1634,1460,5
2020-10-25,116238,1635,1402,1
2020-10-26,117198,1657,960,22
2020-10-27,118563,1680,1365,23
2020-10-28,120635,1691,2072,11
2020-10-29,122950,1705,2315,14
2020-10-30,125722,1714,2772,9
2020-10-31,128510,1716,2788,2
2020-11-01,130974,1733,2464,17
2020-11-02,132516,1756,1542,23
2020-11-03,134326,1780,1810,24
2020-11-04,137214,1801,2888,21
2020-11-05,142491,1814,5277,13
2020-11-06,145866,1828,3375,14
2020-11-07,150254,1842,4388,14
2020-11-08,154778,1845,4524,3
2020-11-09,159910,1872,5132,27
2020-11-10,163827,1898,3917,26
2020-11-11,168453,1927,4626,29
2020-11-12,173404,1946,4951,19
2020-11-13,178888,1972,5484,26
2020-11-14,183555,1985,4667,13
2020-11-15,186314,1989,2759,4
2020-11-16,189597,2023,3283,34
2020-11-17,193198,2064,3601,41
2020-11-18,197518,2102,4320,38
2020-11-19,201572,2127,4054,25
2020-11-20,205917,2159,4345,32
2020-11-21,209203,2191,3286,32
2020-11-22,211664,2202,2461,11
2020-11-23,214792,2222,3128,20
2020-11-24,217784,2270,2992,48
2020-11-25,221286,2312,3502,42
2020-11-26,223323,2349,2037,37
2020-11-27,225056,2360,1733,11
2020-11-28,227179,2375,2123,15
2020-11-29,228690,2399,1511,24
2020-11-30,230631,2426,1941,27
2020-12-01,233062,2449,2431,23
2020-12-02,236159,2518,3097,69
2020-12-03,238724,2603,2565,85
2020-12-04,241531,2665,2807,62
2020-12-05,243385,2682,1854,17
2020-12-06,244691,2717,1306,35
2020-12-07,245984,2723,1293,6
2020-12-08,247954,2724,1970,1
2020-12-09,250280,2724,2326,0
2020-12-10,252553,2724,2273,0
2020-12-11,253612,3193,1059,469
2020-12-12,255009,3208,1397,15
2020-12-13,256249,3209,1240,1
2020-12-14,257311,3269,1062,60
2020-12-15,258253,3336,942,67
2020-12-16,260774,3350,2521,14
2020-12-17,262210,3450,1436,100
2020-12-18,264707,3450,2497,0
2020-12-19,266959,3532,2252,82
2020-12-20,267329,3588,370,56
2020-12-21,268736,3588,1407,0
2020-12-22,270294,3652,1558,64
2020-12-23,272112,3667,1818,15
2020-12-24,273661,3738,1549,71
2020-12-25,274266,3743,605,5
2020-12-26,274793,3743,527,0
2020-12-27,275299,3744,506,1
2020-12-28,276649,3744,1350,0
2020-12-29,278310,3812,1661,68
2020-12-30,280064,3822,1754,10
2020-12-31,281712,3891,1648,69
