"date","positive","death","positiveIncrease","deathIncrease"
2020-01-22,0,0,0,0
2020-01-23,0,0,0,0
2020-01-24,0,0,0,0
2020-01-25,0,0,0,0
2020-01-26,2,0,2,0
2020-01-27,2,0,0,0
2020-01-28,2,0,0,0
2020-01-29,2,0,0,0
2020-01-30,2,0,0,0
2020-01-31,3,0,1,0
2020-02-01,3,0,0,0
2020-02-02,3,0,0,0
2020-02-03,6,0,3,0
2020-02-04,6,0,0,0
2020-02-05,6,0,0,0
2020-02-06,6,0,0,0
2020-02-07,6,0,0,0
2020-02-08,6,0,0,0
2020-02-09,6,0,0,0
2020-02-10,6,0,0,0
2020-02-11,7,0,1,0
2020-02-12,7,0,0,0
2020-02-13,8,0,1,0
2020-02-14,8,0,0,0
2020-02-15,8,0,0,0
2020-02-16,8,0,0,0
2020-02-17,8,0,0,0
2020-02-18,8,0,0,0
2020-02-19,8,0,0,0
2020-02-20,8,0,0,0
2020-02-21,10,0,2,0
2020-02-22,10,0,0,0
2020-02-23,10,0,0,0
2020-02-24,10,0,0,0
2020-02-25,10,0,0,0
2020-02-26,10,0,0,0
2020-02-27,11,0,1,0
2020-02-28,11,0,0,0
2020-02-29,12,0,1,0
2020-03-01,12,0,0,0
2020-03-02,21,0,9,0
2020-03-03,25,0,4,0
2020-03-04,35,1,10,1
2020-03-05,51,1,16,0
2020-03-06,59,1,8,0
2020-03-07,81,1,22,0
2020-03-08,95,1,14,0
2020-03-09,101,1,6,0
2020-03-10,144,2,43,1
2020-03-11,178,4,34,2
2020-03-12,221,4,43,0
2020-03-13,281,4,60,0
2020-03-14,372,3,91,-1
2020-03-15,373,5,1,2
2020-03-16,557,7,184,2
2020-03-17,700,12,143,5
2020-03-18,831,16,131,4
2020-03-19,1009,18,178,2
2020-03-20,1243,24,234,6
2020-03-21,1412,25,169,1
2020-03-22,1651,30,239,5
2020-03-23,2113,39,462,9
2020-03-24,2542,50,429,11
2020-03-25,3009,65,467,15
2020-03-26,3910,81,901,16
2020-03-27,4679,94,769,13
2020-03-28,5110,110,431,16
2020-03-29,5863,124,753,14
2020-03-30,7155,146,1292,22
2020-03-31,8233,173,1078,27
2020-04-01,9410,199,1177,26
2020-04-02,10790,238,1380,39
2020-04-03,12016,265,1226,27
2020-04-04,12837,289,821,24
2020-04-05,15034,348,2197,59
2020-04-06,16024,380,990,32
2020-04-07,17351,432,1327,52
2020-04-08,18897,495,1546,63
2020-04-09,19710,544,813,49
2020-04-10,21081,583,1371,39
2020-04-11,21717,604,636,21
2020-04-12,22800,640,1083,36
2020-04-13,23934,714,1134,74
2020-04-14,25389,767,1455,53
2020-04-15,26686,860,1297,93
2020-04-16,27677,956,991,96
2020-04-17,29157,1037,1480,81
2020-04-18,30511,1140,1354,103
2020-04-19,31431,1177,920,37
2020-04-20,33686,1225,2255,48
2020-04-21,35480,1282,1794,57
2020-04-22,37352,1421,1872,139
2020-04-23,39561,1533,2209,112
2020-04-24,41355,1621,1794,88
2020-04-25,42368,1689,1013,68
2020-04-26,43559,1725,1191,36
2020-04-27,44972,1779,1413,54
2020-04-28,46164,1864,1192,85
2020-04-29,48747,1946,2583,82
2020-04-30,50130,2031,1383,85
2020-05-01,52026,2126,1896,95
2020-05-02,53347,2180,1321,54
2020-05-03,54903,2216,1556,36
2020-05-04,55884,2278,981,62
2020-05-05,58456,2381,2572,103
2020-05-06,60616,2464,2160,83
2020-05-07,62148,2535,1532,71
2020-05-08,63800,2613,1652,78
2020-05-09,66572,2687,2772,74
2020-05-10,67600,2716,1028,29
2020-05-11,69329,2779,1729,63
2020-05-12,70980,2879,1651,100
2020-05-13,72798,2957,1818,78
2020-05-14,74871,3052,2073,95
2020-05-15,76693,3136,1822,84
2020-05-16,78725,3208,2032,72
2020-05-17,80166,3240,1441,32
2020-05-18,81518,3279,1352,39
2020-05-19,83764,3403,2246,124
2020-05-20,86018,3497,2254,94
2020-05-21,88056,3583,2038,86
2020-05-22,90281,3665,2225,82
2020-05-23,92564,3737,2283,72
2020-05-24,94069,3753,1505,16
2020-05-25,96470,3768,2401,15
2020-05-26,99492,3818,3022,50
2020-05-27,101071,3894,1579,76
2020-05-28,103813,3993,2742,99
2020-05-29,106638,4077,2825,84
2020-05-30,109895,4144,3257,67
2020-05-31,111951,4172,2056,28
2020-06-01,114733,4217,2782,45
2020-06-02,117215,4305,2482,88
2020-06-03,119374,4374,2159,69
2020-06-04,122194,4444,2820,70
2020-06-05,125783,4529,3589,85
2020-06-06,128606,4607,2823,78
2020-06-07,130657,4632,2051,25
2020-06-08,133816,4657,3159,25
2020-06-09,136681,4745,2865,88
2020-06-10,139715,4854,3034,109
2020-06-11,143439,4934,3724,80
2020-06-12,146659,4978,3220,44
2020-06-13,150034,5076,3375,98
2020-06-14,152349,5099,2315,23
2020-06-15,155726,5114,3377,15
2020-06-16,158961,5200,3235,86
2020-06-17,162798,5271,3837,71
2020-06-18,167133,5355,4335,84
2020-06-19,170862,5426,3729,71
2020-06-20,175243,5494,4381,68
2020-06-21,178657,5515,3414,21
2020-06-22,184765,5566,6108,51
2020-06-23,191477,5626,6712,60
2020-06-24,196024,5725,4547,99
2020-06-25,201112,5806,5088,81
2020-06-26,206844,5868,5732,62
2020-06-27,210692,5899,3848,31
2020-06-28,215487,5932,4795,33
2020-06-29,223646,5983,8159,51
2020-06-30,231418,6082,7772,99
2020-07-01,238681,6169,7263,87
2020-07-02,246550,6265,7869,96
2020-07-03,250514,6315,3964,50
2020-07-04,252895,6334,2381,19
2020-07-05,264681,6373,11786,39
2020-07-06,271035,6441,6354,68
2020-07-07,284012,6573,12977,132
2020-07-08,292560,6718,8548,145
2020-07-09,302484,6859,9924,141
2020-07-10,310885,6955,8401,96
2020-07-11,318761,7027,7876,72
2020-07-12,324543,7051,5782,24
2020-07-13,333357,7089,8814,38
2020-07-14,346211,7250,12854,161
2020-07-15,354885,7375,8674,125
2020-07-16,364706,7489,9821,114
2020-07-17,373259,7603,8553,114
2020-07-18,380745,7702,7486,99
2020-07-19,386906,7715,6161,13
2020-07-20,397870,7770,10964,55
2020-07-21,409305,7888,11435,118
2020-07-22,421286,8047,11981,159
2020-07-23,430773,8201,9487,154
2020-07-24,440185,8337,9412,136
2020-07-25,446452,8408,6267,71
2020-07-26,452288,8448,5836,40
2020-07-27,458121,8494,5833,46
2020-07-28,470762,8679,12641,185
2020-07-29,484913,8908,14151,229
2020-07-30,492934,9026,8021,118
2020-07-31,500556,9214,7622,188
2020-08-01,506613,9345,6057,131
2020-08-02,512175,9396,5562,51
2020-08-03,516851,9441,4676,45
2020-08-04,526685,9684,9834,243
2020-08-05,530606,9808,3921,124
2020-08-06,541339,10021,10733,213
2020-08-07,546814,10133,5475,112
2020-08-08,554388,10307,7574,174
2020-08-09,559746,10377,5358,70
2020-08-10,574231,10476,14485,99
2020-08-11,578946,10523,4715,47
2020-08-12,591376,10753,12430,230
2020-08-13,597984,10870,6608,117
2020-08-14,613101,11148,15117,278
2020-08-15,617994,11218,4893,70
2020-08-16,623873,11243,5879,25
2020-08-17,629415,11296,5542,53
2020-08-18,638140,11504,8725,208
2020-08-19,647274,11690,9134,186
2020-08-20,652267,11810,4993,120
2020-08-21,658900,11946,6633,136
2020-08-22,664435,12131,5535,185
2020-08-23,669280,12153,4845,22
2020-08-24,675561,12235,6281,82
2020-08-25,681032,12382,5471,147
2020-08-26,687004,12532,5972,150
2020-08-27,691821,12677,4817,145
2020-08-28,697385,12805,5564,128
2020-08-29,702038,12894,4653,89
2020-08-30,705951,12937,3913,43
2020-08-31,712475,13022,6524,85
2020-09-01,715617,13150,3142,128
2020-09-02,721281,13317,5664,167
2020-09-03,726018,13493,4737,176
2020-09-04,730662,13638,4644,145
2020-09-05,735314,13709,4652,71
2020-09-06,738856,13731,3542,22
2020-09-07,740965,13758,2109,27
2020-09-08,744344,13823,3379,65
2020-09-09,747290,13983,2946,160
2020-09-10,750961,14077,3671,94
2020-09-11,754905,14230,3944,153
2020-09-12,758933,14327,4028,97
2020-09-13,761728,14378,2795,51
2020-09-14,765134,14439,3406,61
2020-09-15,768204,14594,3070,155
2020-09-16,771321,14691,3117,97
2020-09-17,775037,14804,3716,113
2020-09-18,779491,14893,4454,89
2020-09-19,783313,15018,3822,125
2020-09-20,786168,15016,2855,-2
2020-09-21,790096,15056,3928,40
2020-09-22,793065,15189,2969,133
2020-09-23,796436,15291,3371,102
2020-09-24,799516,15393,3080,102
2020-09-25,803660,15516,4144,123
2020-09-26,807451,15583,3791,67
2020-09-27,809890,15606,2439,23
2020-09-28,812711,15633,2821,27
2020-09-29,815654,15782,2943,149
2020-09-30,819115,15885,3461,103
2020-10-01,822205,15973,3090,88
2020-10-02,826013,16054,3808,81
2020-10-03,829521,16115,3508,61
2020-10-04,832713,16147,3192,32
2020-10-05,835507,16171,2794,24
2020-10-06,838202,16244,2695,73
2020-10-07,841928,16338,3726,94
2020-10-08,845270,16418,3342,80
2020-10-09,849076,16486,3806,68
2020-10-10,852410,16567,3334,81
2020-10-11,855190,16579,2780,12
2020-10-12,857913,16586,2723,7
2020-10-13,861310,16644,3397,58
2020-10-14,865204,16729,3894,85
2020-10-15,868148,16832,2944,103
2020-10-16,871253,16910,3105,78
2020-10-17,873614,16956,2361,46
2020-10-18,875692,16979,2078,23
2020-10-19,879645,16982,3953,3
2020-10-20,883746,17055,4101,73
2020-10-21,886939,17167,3193,112
2020-10-22,893364,17256,6425,89
2020-10-23,898799,17305,5435,49
2020-10-24,903684,17343,4885,38
2020-10-25,906596,17358,2912,15
2020-10-26,910438,17386,3842,28
2020-10-27,914888,17460,4450,74
2020-10-28,919276,17529,4388,69
2020-10-29,923648,17559,4372,30
2020-10-30,928028,17618,4380,59
2020-10-31,932143,17659,4115,41
2020-11-01,935878,17671,3735,12
2020-11-02,940411,17689,4533,18
2020-11-03,945401,17745,4990,56
2020-11-04,950920,17808,5519,63
2020-11-05,956854,17860,5934,52
2020-11-06,963211,17931,6357,71
2020-11-07,969362,17961,6151,30
2020-11-08,972713,17973,3351,12
2020-11-09,981297,18021,8584,48
2020-11-10,989432,18066,8135,45
2020-11-11,995575,18108,6143,42
2020-11-12,1004116,18135,8541,27
2020-11-13,1013566,18205,9450,70
2020-11-14,1023067,18253,9501,48
2020-11-15,1032095,18262,9028,9
2020-11-16,1041690,18288,9595,26
2020-11-17,1052285,18347,10595,59
2020-11-18,1064040,18453,11755,106
2020-11-19,1077174,18542,13134,89
2020-11-20,1089750,18640,12576,98
2020-11-21,1105435,18672,15685,32
2020-11-22,1114524,18726,9089,54
2020-11-23,1128219,18753,13695,27
2020-11-24,1145209,18862,16990,109
2020-11-25,1160940,18968,15731,106
2020-11-26,1171802,19025,10862,57
2020-11-27,1185576,19089,13774,64
2020-11-28,1200624,19116,15048,27
2020-11-29,1215455,19151,14831,35
2020-11-30,1230264,19173,14809,22
2020-12-01,1246042,19304,15778,131
2020-12-02,1265182,19410,19140,106
2020-12-03,1286550,19553,21368,143
2020-12-04,1310307,19734,23757,181
2020-12-05,1337941,19870,27634,136
2020-12-06,1366673,19928,28732,58
2020-12-07,1390828,20015,24155,87
2020-12-08,1415396,20205,24568,190
2020-12-09,1448987,20411,33591,206
2020-12-10,1482551,20603,33564,192
2020-12-11,1516215,20787,33664,184
2020-12-12,1549176,20958,32961,171
2020-12-13,1585378,21040,36202,82
2020-12-14,1611493,21144,26115,104
2020-12-15,1644742,21420,33249,276
2020-12-16,1708559,21817,63817,397
2020-12-17,1753974,22094,45415,277
2020-12-18,1802195,22370,48221,276
2020-12-19,1842557,22582,40362,212
2020-12-20,1884033,22675,41476,93
2020-12-21,1923887,22837,39854,162
2020-12-22,1958508,23239,34621,402
2020-12-23,2002494,23558,43986,319
2020-12-24,2040188,23881,37694,323
2020-12-25,2060797,23958,20609,77
2020-12-26,2120610,24218,59813,260
2020-12-27,2156389,24282,35779,64
2020-12-28,2192684,24419,36295,137
2020-12-29,2228332,24917,35648,498
2020-12-30,2261035,25334,32703,417
2020-12-31,2291007,25897,29972,563
