"date","positive","death","positiveIncrease","deathIncrease","hospitalized","hospitalizedIncrease"
2020-04-13,1426,27,19,0,132,1
2020-04-14,1464,33,38,6,135,3
2020-04-15,1473,39,9,6,141,6
2020-04-16,1587,41,114,2,143,2
2020-04-17,1609,41,22,0,148,5
2020-04-18,1655,43,46,2,151,3
2020-04-19,1668,44,13,1,151,0
2020-04-20,1672,45,4,1,151,0
2020-04-21,1736,48,64,3,157,6
2020-04-22,1766,51,30,3,158,1
2020-04-23,1836,54,70,3,162,4
2020-04-24,1870,54,34,0,168,6
2020-04-25,1887,56,17,2,168,0
2020-04-26,1897,56,10,0,169,1
2020-04-27,1897,56,0,0,169,0
2020-04-28,1952,60,55,4,172,3
2020-04-29,1952,60,0,0,173,1
2020-04-30,1984,60,32,0,175,2
2020-05-01,2015,63,31,3,178,3
2020-05-02,2061,64,46,1,178,0
2020-05-03,2061,64,0,0,200,22
2020-05-04,2106,64,45,0,200,0
2020-05-05,2127,65,21,1,201,1
2020-05-06,2158,66,31,1,203,2
2020-05-07,2178,67,20,1,205,2
2020-05-08,2178,67,0,0,206,1
2020-05-09,2205,67,27,0,206,0
2020-05-10,2230,67,25,0,207,1
2020-05-11,2260,70,30,3,207,0
2020-05-12,2293,69,33,-1,210,3
2020-05-13,2293,69,0,0,214,4
2020-05-14,2351,72,58,3,212,-2
2020-05-15,2351,72,0,0,212,0
2020-05-16,2419,73,68,1,213,1
2020-05-17,2419,73,0,0,213,0
2020-05-18,2455,74,36,1,213,0
2020-05-19,2455,74,0,0,213,0
2020-05-20,2506,77,51,3,215,2
2020-05-21,2506,77,0,0,221,6
2020-05-22,2595,79,89,2,223,2
2020-05-23,2595,79,0,0,225,2
2020-05-24,2626,79,31,0,225,0
2020-05-25,2626,79,0,0,225,0
2020-05-26,2626,79,0,0,225,0
2020-05-27,2699,81,73,2,231,6
2020-05-28,2770,82,71,1,234,3
2020-05-29,2770,82,0,0,238,4
2020-05-30,2803,82,33,0,240,2
2020-05-31,2839,82,36,0,242,2
2020-06-01,2839,82,0,0,242,0
2020-06-02,2933,83,94,1,247,5
2020-06-03,2933,83,0,0,251,4
2020-06-04,2990,83,57,0,253,2
2020-06-05,3111,83,121,0,255,2
2020-06-06,3139,83,28,0,257,2
2020-06-07,3139,83,0,0,260,3
2020-06-08,3189,83,50,0,260,0
2020-06-09,3221,85,32,2,260,0
2020-06-10,3260,85,39,0,262,2
2020-06-11,3260,85,0,0,262,0
2020-06-12,3353,87,93,2,265,3
2020-06-13,3353,87,0,0,265,0
2020-06-14,3399,87,46,0,266,1
2020-06-15,3399,87,0,0,266,0
2020-06-16,3462,88,63,1,270,4
2020-06-17,3632,88,170,0,275,5
2020-06-18,3743,89,111,1,275,0
2020-06-19,3871,89,128,0,278,3
2020-06-20,4004,89,133,0,279,1
2020-06-21,4006,89,2,0,283,4
2020-06-22,4256,89,250,0,283,0
2020-06-23,4254,89,-2,0,293,10
2020-06-24,4402,89,148,0,298,5
2020-06-25,4865,90,463,1,300,2
2020-06-26,4865,90,0,0,303,3
2020-06-27,5322,91,457,1,309,6
2020-06-28,5322,91,0,0,312,3
2020-06-29,5752,91,430,0,312,0
2020-06-30,6117,92,365,1,322,10
2020-07-01,6370,92,253,0,330,8
2020-07-02,6593,92,223,0,340,10
2020-07-03,6994,93,401,1,350,10
2020-07-04,7370,93,376,0,355,5
2020-07-05,7733,93,363,0,359,4
2020-07-06,8052,94,319,1,369,10
2020-07-07,8539,94,487,0,387,18
2020-07-08,8969,98,430,4,396,9
2020-07-09,9429,100,460,2,411,15
2020-07-10,9929,101,500,1,432,21
2020-07-11,10506,102,577,1,449,17
2020-07-12,10903,102,397,0,468,19
2020-07-13,11404,102,501,0,477,9
2020-07-14,11720,103,316,1,500,23
2020-07-15,12449,110,729,7,510,10
2020-07-16,13134,114,685,4,526,16
2020-07-17,13753,118,619,4,554,28
2020-07-18,14303,119,550,1,570,16
2020-07-19,14874,119,571,0,583,13
2020-07-20,15268,122,394,3,600,17
2020-07-21,15823,126,555,4,621,21
2020-07-22,16322,135,499,9,656,35
2020-07-23,16737,138,415,3,674,18
2020-07-24,17265,144,528,6,697,23
2020-07-25,17265,144,0,0,709,12
2020-07-26,18178,146,913,2,723,14
2020-07-27,18692,152,514,6,741,18
2020-07-28,19220,160,528,8,750,9
2020-07-29,19674,173,454,13,783,33
2020-07-30,20242,177,568,4,808,25
2020-07-31,20716,188,474,11,835,27
2020-08-01,21110,197,394,9,850,15
2020-08-02,21110,197,0,0,856,6
2020-08-03,21670,200,560,3,874,18
2020-08-04,22236,210,566,10,886,12
2020-08-05,22708,217,472,7,906,20
2020-08-06,23401,223,693,6,931,25
2020-08-07,23925,229,524,6,954,23
2020-08-08,24497,235,572,6,968,14
2020-08-09,24675,237,178,2,988,20
2020-08-10,25104,239,429,2,999,11
2020-08-11,25598,246,494,7,1006,7
2020-08-12,26134,246,536,0,1037,31
2020-08-13,26629,251,495,5,1051,14
2020-08-14,27171,265,542,14,1068,17
2020-08-15,27475,269,304,4,1091,23
2020-08-16,27656,269,181,0,1103,12
2020-08-17,27937,273,281,4,1110,7
2020-08-18,28321,282,384,9,1129,19
2020-08-19,28680,289,359,7,1170,41
2020-08-20,29110,296,430,7,1200,30
2020-08-21,29364,305,254,9,1226,26
2020-08-22,29659,306,295,1,1233,7
2020-08-23,29845,307,186,1,1246,13
2020-08-24,30057,314,212,7,1256,10
2020-08-25,30465,326,408,12,1269,13
2020-08-26,30771,337,306,11,1285,16
2020-08-27,31113,343,342,6,1304,19
2020-08-28,31376,353,263,10,0,0
2020-08-29,31668,358,292,5,0,0
2020-08-30,31858,359,190,1,0,0
2020-08-31,32081,361,223,2,0,0
2020-09-01,32353,367,272,6,0,0
2020-09-02,32664,372,311,5,0,0
2020-09-03,32927,372,263,0,0,0
2020-09-04,33193,382,266,10,0,0
2020-09-05,33474,384,281,2,0,0
2020-09-06,33664,385,190,1,0,0
2020-09-07,33738,385,74,0,0,0
2020-09-08,33978,389,240,4,0,0
2020-09-09,35353,420,1375,31,0,0
2020-09-10,34617,407,-736,-13,0,0
2020-09-11,34950,412,333,5,0,0
2020-09-12,35167,415,217,3,0,0
2020-09-13,35279,415,112,0,0,0
2020-09-14,35532,419,253,4,0,0
2020-09-15,35810,423,278,4,0,0
2020-09-16,36093,429,283,6,0,0
2020-09-17,36489,434,396,5,0,0
2020-09-18,36959,438,470,4,0,0
2020-09-19,37247,441,288,3,0,0
2020-09-20,37491,443,244,2,0,0
2020-09-21,37901,447,410,4,0,0
2020-09-22,38347,451,446,4,0,0
2020-09-23,38743,454,396,3,0,0
2020-09-24,39234,457,491,3,0,0
2020-09-25,39757,458,523,1,0,0
2020-09-26,40296,460,539,2,0,0
2020-09-27,40501,460,205,0,0,0
2020-09-28,40923,460,422,0,0,0
2020-09-29,41434,464,511,4,0,0
2020-09-30,42048,469,614,5,0,0
2020-10-01,42561,472,513,3,0,0
2020-10-02,43238,474,677,2,0,0
2020-10-03,43702,480,464,6,0,0
2020-10-04,43964,482,262,2,0,0
2020-10-05,44422,487,458,5,0,0
2020-10-06,45082,492,660,5,0,0
2020-10-07,45753,500,671,8,0,0
2020-10-08,46426,503,673,3,0,0
2020-10-09,47088,506,662,3,0,0
2020-10-10,47701,507,613,1,0,0
2020-10-11,48066,507,365,0,0,0
2020-10-12,48663,510,597,3,0,0
2020-10-13,49247,512,584,2,0,0
2020-10-14,49892,516,645,4,0,0
2020-10-15,50610,517,718,1,0,0
2020-10-16,51704,523,1094,6,0,0
2020-10-17,52582,529,878,6,0,0
2020-10-18,53092,528,510,-1,0,0
2020-10-19,53790,531,698,3,0,0
2020-10-20,54663,535,873,4,0,0
2020-10-21,55650,546,987,11,0,0
2020-10-22,56600,553,950,7,0,0
2020-10-23,57673,562,1073,9,0,0
2020-10-24,58694,572,1021,10,0,0
2020-10-25,59344,573,650,1,0,0
2020-10-26,60041,580,697,7,0,0
2020-10-27,60923,585,882,5,0,0
2020-10-28,61785,599,862,14,0,0
2020-10-29,62746,615,961,16,0,0
2020-10-30,63810,626,1064,11,0,0
2020-10-31,64608,629,798,3,0,0
2020-11-01,65088,630,480,1,0,0
2020-11-02,65845,632,757,2,0,0
2020-11-03,67024,647,1179,15,0,0
2020-11-04,68314,664,1290,17,0,0
2020-11-05,69579,671,1265,7,0,0
2020-11-06,70909,679,1330,8,0,0
2020-11-07,72312,683,1403,4,0,0
2020-11-08,72961,686,649,3,0,0
2020-11-09,74227,698,1266,12,0,0
2020-11-10,75428,714,1201,16,0,0
2020-11-11,77121,733,1693,19,0,0
2020-11-12,78279,749,1158,16,0,0
2020-11-13,79798,752,1519,3,0,0
2020-11-14,81317,759,1519,7,0,0
2020-11-15,82245,759,928,0,0,0
2020-11-16,83344,763,1099,4,0,0
2020-11-17,85125,798,1781,35,0,0
2020-11-18,86435,812,1310,14,0,0
2020-11-19,87978,835,1543,23,0,0
2020-11-20,89764,845,1786,10,0,0
2020-11-21,90834,847,1070,2,0,0
2020-11-22,91653,849,819,2,0,0
2020-11-23,93090,866,1437,17,0,0
2020-11-24,94730,874,1640,8,0,0
2020-11-25,96503,895,1773,21,0,0
2020-11-26,96503,895,0,0,0,0
2020-11-27,98500,909,1997,14,0,0
2020-11-28,99660,913,1160,4,0,0
2020-11-29,100484,920,824,7,0,0
2020-11-30,101698,929,1214,9,0,0
2020-12-01,103305,960,1607,31,0,0
2020-12-02,104734,991,1429,31,0,0
2020-12-03,106455,1014,1721,23,0,0
2020-12-04,108366,1032,1911,18,0,0
2020-12-05,109705,1032,1339,0,0,0
2020-12-06,110510,1035,805,3,0,0
2020-12-07,111893,1055,1383,20,0,0
2020-12-08,113905,1074,2012,19,0,0
2020-12-09,116203,1103,2298,29,0,0
2020-12-10,118028,1136,1825,33,0,0
2020-12-11,119610,1151,1582,15,0,0
2020-12-12,120632,1169,1022,18,0,0
2020-12-13,121179,1175,547,6,0,0
2020-12-14,122217,1194,1038,19,0,0
2020-12-15,124019,1214,1802,20,0,0
2020-12-16,125452,1231,1433,17,0,0
2020-12-17,126878,1259,1426,28,0,0
2020-12-18,128218,1275,1340,16,0,0
2020-12-19,129069,1275,851,0,0,0
2020-12-20,129960,1280,891,5,0,0
2020-12-21,130877,1301,917,21,0,0
2020-12-22,132594,1313,1717,12,0,0
2020-12-23,133985,1324,1391,11,0,0
2020-12-24,135233,1349,1248,25,0,0
2020-12-25,135233,1349,0,0,0,0
2020-12-26,135787,1354,554,5,0,0
2020-12-27,136215,1354,428,0,0,0
2020-12-28,137010,1377,795,23,0,0
2020-12-29,138524,1393,1514,16,0,0
2020-12-30,139864,1403,1340,10,0,0
2020-12-31,141077,1436,1213,33,0,0
2021-01-01,141077,1436,0,0,0,0
2021-01-02,142199,1448,1122,12,0,0
2021-01-03,142507,1448,308,0,0,0
2021-01-04,143305,1459,798,11,0,0
2021-01-05,144843,1471,1538,12,0,0
2021-01-06,146106,1488,1263,17,0,0
2021-01-07,147173,1517,1067,29,0,0
2021-01-08,148258,1523,1085,6,0,0
2021-01-09,149235,1528,977,5,0,0
2021-01-10,149667,1534,432,6,0,0
2021-01-11,150239,1544,572,10,0,0
2021-01-12,151273,1556,1034,12,0,0
2021-01-13,152364,1564,1091,8,0,0
2021-01-14,153358,1591,994,27,0,0
2021-01-15,154470,1603,1112,12,0,0
2021-01-16,155276,1605,806,2,0,0
2021-01-17,155554,1607,278,2,0,0
2021-01-18,155554,1607,0,0,0,0
2021-01-19,156778,1637,1224,30,0,0
2021-01-20,157588,1635,810,-2,0,0
2021-01-21,158200,1654,612,19,0,0
2021-01-22,158798,1667,598,13,0,0
2021-01-23,159325,1668,527,1,0,0
2021-01-24,159506,1669,181,1,0,0
2021-01-25,160033,1681,527,12,0,0
2021-01-26,160592,1688,559,7,0,0
2021-01-27,161212,1714,620,26,0,0
2021-01-28,161720,1721,508,7,0,0
2021-01-29,162355,1725,635,4,0,0
2021-01-30,162683,1725,328,0,0,0
2021-01-31,162683,1725,0,0,0,0
2021-02-01,163165,1735,482,10,0,0
2021-02-02,163656,1741,491,6,0,0
2021-02-03,164163,1748,507,7,0,0
2021-02-04,164565,1747,402,-1,0,0
2021-02-05,164969,1758,404,11,0,0
2021-02-06,165209,1767,240,9,0,0
2021-02-07,165209,1767,0,0,0,0
2021-02-08,165658,1776,449,9,0,0
2021-02-09,166095,1780,437,4,0,0
2021-02-10,166553,1791,458,11,0,0
2021-02-11,166876,1791,323,0,0,0
2021-02-12,167225,1796,349,5,0,0
2021-02-13,167483,1803,258,7,0,0
2021-02-14,167483,1803,0,0,0,0
2021-02-15,167483,1803,0,0,0,0
2021-02-16,167945,1806,462,3,0,0
2021-02-17,168353,1817,408,11,0,0
2021-02-18,168639,1826,286,9,0,0
2021-02-19,168953,1826,314,0,0,0
2021-02-20,169150,1826,197,0,0,0
2021-02-21,169150,1826,0,0,0,0
2021-02-22,169584,1826,434,0,0,0
2021-02-23,169866,1840,282,14,0,0
2021-02-24,170289,1840,423,0,0,0
2021-02-25,170595,1850,306,10,0,0
2021-02-26,170907,1859,312,9,0,0
2021-02-27,171140,1860,233,1,0,0
2021-02-28,171140,1860,0,0,0,0
2021-03-01,171462,1867,322,7,0,0
2021-03-02,171836,1871,374,4,0,0
2021-03-03,172288,1876,452,5,0,0
2021-03-04,172587,1876,299,0,0,0
2021-03-05,172827,1876,240,0,0,0
2021-03-06,172931,1879,104,3,0,0
2021-03-07,172931,1879,0,0,0,0
2021-03-08,173309,1890,378,11,0,0
2021-03-09,173790,1892,481,2,0,0
2021-03-10,174246,1901,456,9,0,0
2021-03-11,174610,1906,364,5,0,0
2021-03-12,174943,1909,333,3,0,0
2021-03-13,175236,1910,293,1,0,0
2021-03-14,175236,1910,0,0,0,0
