"date","positive","death","positiveIncrease","deathIncrease","hospitalized","hospitalizedIncrease"
2020-04-13,4886,94,316,5,313,-18
2020-04-14,5113,112,227,18,418,105
2020-04-15,5340,130,227,18,431,13
2020-04-16,5639,150,299,20,452,21
2020-04-17,6045,177,406,27,429,-23
2020-04-18,6328,187,283,10,388,-41
2020-04-19,6601,200,273,13,465,77
2020-04-20,6895,218,294,18,373,-92
2020-04-21,7134,245,239,27,427,54
2020-04-22,7495,265,361,20,434,7
2020-04-23,7820,281,325,16,486,52
2020-04-24,8290,294,470,13,477,-9
2020-04-25,8768,305,478,11,456,-21
2020-04-26,8997,324,229,19,451,-5
2020-04-27,9321,340,324,16,473,22
2020-04-28,9755,363,434,23,0,0
2020-04-29,10180,382,425,19,0,0
2020-04-30,10754,406,574,24,0,0
2020-05-01,11070,419,316,13,0,0
2020-05-02,11588,431,518,12,0,0
2020-05-03,11770,434,182,3,0,0
2020-05-04,11971,442,201,8,0,0
2020-05-05,12510,472,539,30,0,0
2020-05-06,13053,492,543,20,0,0
2020-05-07,13540,513,487,21,0,0
2020-05-08,14006,530,466,17,0,0
2020-05-09,14478,551,472,21,0,0
2020-05-10,14938,564,460,13,0,0
2020-05-11,15274,575,336,11,0,0
2020-05-12,15622,600,348,25,0,0
2020-05-13,16352,625,730,25,0,0
2020-05-14,16968,641,616,16,0,0
2020-05-15,17494,667,526,26,0,0
2020-05-16,18130,676,636,9,0,0
2020-05-17,18673,686,543,10,0,0
2020-05-18,19207,693,534,7,0,0
2020-05-19,19239,693,32,0,0,0
2020-05-20,20262,726,1023,33,0,0
2020-05-21,20512,728,250,2,0,0
2020-05-22,22110,775,1598,47,0,0
2020-05-23,22864,778,754,3,0,0
2020-05-24,23365,784,501,6,0,0
2020-05-25,24057,790,692,6,0,0
2020-05-26,24455,801,398,11,0,0
2020-05-27,24916,844,461,43,0,0
2020-05-28,25800,876,884,32,0,0
2020-05-29,26885,919,1085,43,0,0
2020-05-30,27794,929,909,10,0,0
2020-05-31,28785,937,991,8,0,0
2020-06-01,29592,948,807,11,0,0
2020-06-02,30023,961,431,13,0,0
2020-06-03,31276,999,1253,38,0,0
2020-06-04,32075,1006,799,7,0,0
2020-06-05,33295,1015,1220,9,0,0
2020-06-06,34718,1028,1423,13,0,0
2020-06-07,35625,1032,907,4,0,0
2020-06-08,36517,1041,892,9,0,0
2020-06-09,37227,1068,710,27,0,0
2020-06-10,38473,1090,1246,22,0,0
2020-06-11,39584,1106,1111,16,0,0
2020-06-12,41417,1121,1833,15,0,0
2020-06-13,42845,1127,1428,6,0,0
2020-06-14,44264,1132,1419,5,0,0
2020-06-15,45114,1140,850,8,0,0
2020-06-16,45907,1169,793,29,0,0
2020-06-17,46934,1181,1027,12,0,0
2020-06-18,48167,1188,1233,7,0,0
2020-06-19,49785,1202,1618,14,0,0
2020-06-20,51390,1215,1605,13,0,0
2020-06-21,52801,1223,1411,8,0,0
2020-06-22,53964,1278,1163,55,0,0
2020-06-23,54639,1296,675,18,0,0
2020-06-24,56527,1325,1888,29,0,0
2020-06-25,57472,1336,945,11,0,0
2020-06-26,59158,1348,1686,12,0,0
2020-06-27,60812,1353,1654,5,0,0
2020-06-28,62248,1352,1436,-1,0,0
2020-06-29,63736,1357,1488,5,0,0
2020-06-30,65327,1380,1591,23,0,0
2020-07-01,66751,1398,1424,18,0,0
2020-07-02,68216,1409,1465,11,0,0
2020-07-03,70262,1419,2046,10,0,0
2020-07-04,71670,1422,1408,3,0,0
2020-07-05,72992,1423,1322,1,0,0
2020-07-06,74775,1432,1783,9,0,0
2020-07-07,76290,1446,1515,14,0,0
2020-07-08,77687,1462,1397,16,0,0
2020-07-09,79656,1477,1969,15,0,0
2020-07-10,82032,1497,2376,20,0,0
2020-07-11,83906,1513,1874,16,0,0
2020-07-12,85771,1522,1865,9,0,0
2020-07-13,87669,1529,1898,7,0,0
2020-07-14,90000,1571,2331,42,0,0
2020-07-15,91837,1589,1837,18,0,0
2020-07-16,93708,1607,1871,18,0,0
2020-07-17,95570,1623,1862,16,0,0
2020-07-18,98092,1648,2522,25,0,0
2020-07-19,99803,1652,1711,4,0,0
2020-07-20,101231,1677,1428,25,0,0
2020-07-21,103216,1705,1985,28,0,0
2020-07-22,105276,1732,2060,27,0,0
2020-07-23,107125,1756,1849,24,0,0
2020-07-24,109728,1789,2603,33,0,0
2020-07-25,111421,1811,1693,22,0,0
2020-07-26,112937,1817,1516,6,0,0
2020-07-27,114916,1838,1979,21,0,0
2020-07-28,116700,1860,1784,22,0,0
2020-07-29,118387,1888,1687,28,0,0
2020-07-30,120532,1922,2145,34,0,0
2020-07-31,122298,1942,1766,20,0,0
2020-08-01,124006,1979,1708,37,0,0
2020-08-02,125330,1983,1324,4,0,0
2020-08-03,127630,2043,2300,60,0,0
2020-08-04,128715,2061,1085,18,0,0
2020-08-05,129733,2085,1018,24,0,0
2020-08-06,131802,2126,2069,41,0,0
2020-08-07,133337,2160,1535,34,0,0
2020-08-08,134948,2184,1611,24,0,0
2020-08-09,136346,2192,1398,8,0,0
2020-08-10,137562,2199,1216,7,0,0
2020-08-11,138743,2248,1181,49,0,0
2020-08-12,139739,2280,996,32,0,0
2020-08-13,140824,2287,1085,7,0,0
2020-08-14,142170,2313,1346,26,0,0
2020-08-15,143704,2343,1534,30,0,0
2020-08-16,144952,2347,1248,4,0,0
2020-08-17,145516,2348,564,1,0,0
2020-08-18,146779,2396,1263,48,0,0
2020-08-19,147925,2431,1146,35,0,0
2020-08-20,149904,2465,1979,34,0,0
2020-08-21,151910,2494,2006,29,0,0
2020-08-22,153640,2521,1730,27,0,0
2020-08-23,155113,2531,1473,10,0,0
2020-08-24,156396,2535,1283,4,0,0
2020-08-25,157741,2570,1345,35,0,0
2020-08-26,158985,2606,1244,36,0,0
2020-08-27,161076,2630,2091,24,0,0
2020-08-28,162491,2652,1415,22,0,0
2020-08-29,165076,2683,2585,31,0,0
2020-08-30,166127,2692,1051,9,0,0
2020-08-31,167309,2702,1182,10,0,0
2020-09-01,169424,2741,2115,39,0,0
2020-09-02,170553,2779,1129,38,0,0
2020-09-03,172201,2803,1648,24,0,0
2020-09-04,174253,2839,2052,36,0,0
2020-09-05,175815,2889,1562,50,0,0
2020-09-06,176901,2890,1086,1,0,0
2020-09-07,177919,2897,1018,7,0,0
2020-09-08,178635,2909,716,12,0,0
2020-09-09,179536,2958,901,49,0,0
2020-09-10,180754,2990,1218,32,0,0
2020-09-11,182286,3023,1532,33,0,0
2020-09-12,183738,3047,1452,24,0,0
2020-09-13,184936,3052,1198,5,0,0
2020-09-14,185780,3060,844,8,0,0
2020-09-15,186887,3111,1107,51,0,0
2020-09-16,188024,3149,1137,38,0,0
2020-09-17,189576,3180,1552,31,0,0
2020-09-18,190973,3207,1397,27,0,0
2020-09-19,192247,3235,1274,28,0,0
2020-09-20,193547,3243,1300,8,0,0
2020-09-21,194355,3247,808,4,0,0
2020-09-22,195548,3286,1193,39,0,0
2020-09-23,196500,3316,952,30,0,0
2020-09-24,198187,3356,1687,40,0,0
2020-09-25,204330,3409,6143,53,0,0
2020-09-26,206060,3440,1730,31,0,0
2020-09-27,207349,3441,1289,1,0,0
2020-09-28,208226,3445,877,4,0,0
2020-09-29,209136,3494,910,49,0,0
2020-09-30,210632,3532,1496,38,0,0
2020-10-01,212898,3579,2266,47,0,0
2020-10-02,214684,3608,1786,29,0,0
2020-10-03,216886,3629,2202,21,0,0
2020-10-04,217496,3634,610,5,0,0
2020-10-05,219754,3637,2258,3,0,0
2020-10-06,221258,3670,1504,33,0,0
2020-10-07,222969,3693,1711,23,0,0
2020-10-08,225397,3722,2428,29,0,0
2020-10-09,227431,3747,2034,25,0,0
2020-10-10,229752,3765,2321,18,0,0
2020-10-11,231471,3770,1719,5,0,0
2020-10-12,232747,3773,1276,3,0,0
2020-10-13,234481,3816,1734,43,0,0
2020-10-14,236407,3856,1926,40,0,0
2020-10-15,238939,3874,2532,18,0,0
2020-10-16,241623,3910,2684,36,0,0
2020-10-17,243725,3929,2102,19,0,0
2020-10-18,246028,3934,2303,5,0,0
2020-10-19,247172,3939,1144,5,0,0
2020-10-20,248750,3992,1578,53,0,0
2020-10-21,250592,4032,1842,40,0,0
2020-10-22,252992,4082,2400,50,0,0
2020-10-23,255708,4114,2716,32,0,0
2020-10-24,258292,4144,2584,30,0,0
2020-10-25,260099,4157,1807,13,0,0
2020-10-26,261742,4170,1643,13,0,0
2020-10-27,263883,4211,2141,41,0,0
2020-10-28,266136,4245,2253,34,0,0
2020-10-29,269021,4283,2885,38,0,0
2020-10-30,271830,4332,2809,49,0,0
2020-10-31,274635,4378,2805,46,0,0
2020-11-01,276692,4383,2057,5,0,0
2020-11-02,278028,4390,1336,7,0,0
2020-11-03,280377,4457,2349,67,0,0
2020-11-04,282802,4507,2425,50,0,0
2020-11-05,285661,4548,2859,41,0,0
2020-11-06,288569,4582,2908,34,0,0
2020-11-07,291245,4605,2676,23,0,0
2020-11-08,293339,4607,2094,2,0,0
2020-11-09,294860,4615,1521,8,0,0
2020-11-10,297442,4660,2582,45,0,0
2020-11-11,300561,4698,3119,38,0,0
2020-11-12,303454,4706,2893,8,0,0
2020-11-13,305233,4720,1779,14,0,0
2020-11-14,309118,4756,3885,36,0,0
2020-11-15,312235,4806,3117,50,0,0
2020-11-16,314207,4814,1972,8,0,0
2020-11-17,317495,4852,3288,38,0,0
2020-11-18,320862,4898,3367,46,0,0
2020-11-19,325158,4936,4296,38,0,0
2020-11-20,328846,4979,3688,43,0,0
2020-11-21,332261,5005,3415,26,0,0
2020-11-22,336775,5034,4514,29,0,0
2020-11-23,339194,5039,2419,5,0,0
2020-11-24,342294,5074,3100,35,0,0
2020-11-25,346506,5138,4212,64,0,0
2020-11-26,346506,5138,0,0,0,0
2020-11-27,354514,5210,8008,72,0,0
2020-11-28,357958,5219,3444,9,0,0
2020-11-29,361778,5240,3820,21,0,0
2020-11-30,364512,5261,2734,21,0,0
2020-12-01,367395,5284,2883,23,0,0
2020-12-02,371594,5366,4199,82,0,0
2020-12-03,377231,5410,5637,44,0,0
2020-12-04,382534,5467,5303,57,0,0
2020-12-05,388552,5516,6018,49,0,0
2020-12-06,394990,5543,6438,27,0,0
2020-12-07,399362,5560,4372,17,0,0
2020-12-08,404032,5605,4670,45,0,0
2020-12-09,410527,5661,6495,56,0,0
2020-12-10,416083,5714,5556,53,0,0
2020-12-11,423623,5752,7540,38,0,0
2020-12-12,429776,5796,6153,44,0,0
2020-12-13,436595,5823,6819,27,0,0
2020-12-14,441365,5855,4770,32,0,0
2020-12-15,446601,5881,5236,26,0,0
2020-12-16,451874,5979,5273,98,0,0
2020-12-17,457660,6065,5786,86,0,0
2020-12-18,466104,6125,8444,60,0,0
2020-12-19,472268,6184,6164,59,0,0
2020-12-20,479168,6224,6900,40,0,0
2020-12-21,483647,6240,4479,16,0,0
2020-12-22,488902,6291,5255,51,0,0
2020-12-23,494511,6360,5609,69,0,0
2020-12-24,494511,6360,0,0,0,0
2020-12-25,494511,6360,0,0,0,0
2020-12-26,513930,6526,19419,166,0,0
2020-12-27,516828,6549,2898,23,0,0
2020-12-28,520716,6561,3888,12,0,0
2020-12-29,524279,6574,3563,13,0,0
2020-12-30,532830,6729,8551,155,0,0
2020-12-31,539545,6748,6715,19,0,0
2021-01-01,539545,6748,0,0,0,0
2021-01-02,558437,6892,18892,144,0,0
2021-01-03,564924,6910,6487,18,0,0
2021-01-04,570111,6941,5187,31,0,0
2021-01-05,575396,6996,5285,55,0,0
2021-01-06,582348,7076,6952,80,0,0
2021-01-07,592746,7213,10398,137,0,0
2021-01-08,602774,7328,10028,115,0,0
2021-01-09,614355,7425,11581,97,0,0
2021-01-10,623188,7567,8833,142,0,0
2021-01-11,629124,7578,5936,11,0,0
2021-01-12,635975,7638,6851,60,0,0
2021-01-13,641073,7745,5098,107,0,0
2021-01-14,650926,7825,9853,80,0,0
2021-01-15,659840,7933,8914,108,0,0
2021-01-16,667826,8016,7986,83,0,0
2021-01-17,674637,8083,6811,67,0,0
2021-01-18,674637,8083,0,0,0,0
2021-01-19,684497,8139,9860,56,0,0
2021-01-20,690912,8200,6415,61,0,0
2021-01-21,698099,8339,7187,139,0,0
2021-01-22,705535,8464,7436,125,0,0
2021-01-23,712716,8586,7181,122,0,0
2021-01-24,718812,8695,6096,109,0,0
2021-01-25,723445,8720,4633,25,0,0
2021-01-26,727423,8776,3978,56,0,0
2021-01-27,733010,8915,5587,139,0,0
2021-01-28,739500,9046,6490,131,0,0
2021-01-29,746459,9157,6959,111,0,0
2021-01-30,752627,9287,6168,130,0,0
2021-01-31,757526,9335,4899,48,0,0
2021-02-01,761302,9342,3776,7,0,0
2021-02-02,764228,9409,2926,67,0,0
2021-02-03,776307,9578,12079,169,0,0
2021-02-04,781802,9728,5495,150,0,0
2021-02-05,787349,9841,5547,113,0,0
2021-02-06,791521,9926,4172,85,0,0
2021-02-07,796195,9983,4674,57,0,0
2021-02-08,799279,9991,3084,8,0,0
2021-02-09,802065,10046,2786,55,0,0
2021-02-10,805898,10181,3833,135,0,0
2021-02-11,810466,10294,4568,113,0,0
2021-02-12,814594,10376,4128,82,0,0
2021-02-13,818724,10453,4130,77,0,0
2021-02-14,821894,10491,3170,38,0,0
2021-02-15,824352,10501,2458,10,0,0
2021-02-16,826340,10562,1988,61,0,0
2021-02-17,829507,10670,3167,108,0,0
2021-02-18,833423,10766,3916,96,0,0
2021-02-19,836650,10820,3227,54,0,0
2021-02-20,840096,10896,3446,76,0,0
2021-02-21,842637,10926,2541,30,0,0
2021-02-22,844770,10934,2133,8,0,0
2021-02-23,846284,10965,1514,31,0,0
2021-02-24,849630,11074,3346,109,0,0
2021-02-25,852981,11137,3351,63,0,0
2021-02-26,855905,11186,2924,49,0,0
2021-02-27,858548,11212,2643,26,0,0
2021-02-28,858548,11212,0,0,0,0
2021-03-01,862170,11254,3622,42,0,0
2021-03-02,863409,11288,1239,34,0,0
2021-03-03,865554,11363,2145,75,0,0
2021-03-04,868056,11399,2502,36,0,0
2021-03-05,870149,11446,2093,47,0,0
2021-03-06,872176,11502,2027,56,0,0
2021-03-07,872176,11502,0,0,0,0
2021-03-08,874906,11535,2730,33,0,0
2021-03-09,875903,11552,997,17,0,0
2021-03-10,877764,11595,1861,43,0,0
2021-03-11,879825,11622,2061,27,0,0
2021-03-12,881823,11663,1998,41,0,0
2021-03-13,882715,11691,892,28,0,0
2021-03-14,882715,11691,0,0,0,0
