"date","positive","death","positiveIncrease","deathIncrease","hospitalized","hospitalizedIncrease"
2020-04-13,10635,582,26,20,527,-115
2020-04-14,10799,599,164,17,387,-140
2020-04-15,10942,609,143,10,645,258
2020-04-16,11057,630,115,21,595,-50
2020-04-17,11517,649,460,19,622,27
2020-04-18,11776,666,259,17,518,-104
2020-04-19,12255,690,479,24,586,68
2020-04-20,12114,709,-141,19,403,-183
2020-04-21,12392,725,278,16,503,100
2020-04-22,12596,734,204,9,543,40
2020-04-23,12753,747,157,13,544,1
2020-04-24,12977,762,224,15,455,-89
2020-04-25,13319,779,342,17,455,0
2020-04-26,13521,799,202,20,508,53
2020-04-27,13686,810,165,11,536,28
2020-04-28,13842,820,156,10,0,0
2020-04-29,14070,828,228,8,0,0
2020-04-30,14327,836,257,8,0,0
2020-05-01,14637,850,310,14,0,0
2020-05-02,15003,862,366,12,0,0
2020-05-03,15185,874,182,12,0,0
2020-05-04,15462,885,277,11,0,0
2020-05-05,15594,898,132,13,0,0
2020-05-06,15905,911,311,13,0,0
2020-05-07,16231,925,326,14,0,0
2020-05-08,16388,941,157,16,0,0
2020-05-09,16674,952,286,11,3450,0
2020-05-10,16891,968,217,16,0,0
2020-05-11,17122,974,231,6,0,0
2020-05-12,17330,990,208,16,0,0
2020-05-13,17512,996,182,6,0,0
2020-05-14,17773,1004,261,8,0,0
2020-05-15,17951,1016,178,12,0,0
2020-05-16,18288,1024,337,8,0,0
2020-05-17,18433,1035,145,11,0,0
2020-05-18,18611,1041,178,6,0,0
2020-05-19,18811,1048,200,7,0,0
2020-05-20,18971,1052,160,4,0,0
2020-05-21,19117,1061,146,9,3125,0
2020-05-22,19265,1066,148,5,3156,31
2020-05-23,19265,1075,0,9,3230,74
2020-05-24,19828,1084,563,9,3256,26
2020-05-25,20065,1088,237,4,3287,31
2020-05-26,20181,1094,116,6,3290,3
2020-05-27,20406,1105,225,11,3338,48
2020-05-28,20764,1109,358,4,3394,56
2020-05-29,21071,1115,307,6,3413,19
2020-05-30,21349,1117,278,2,3455,42
2020-05-31,21702,1123,353,6,3480,25
2020-06-01,22239,1128,537,5,3501,21
2020-06-02,22516,1134,277,6,3517,16
2020-06-03,22764,1139,248,5,3543,26
2020-06-04,23024,1150,260,11,3578,35
2020-06-05,23483,1155,459,5,3615,37
2020-06-06,23767,1159,284,4,3639,24
2020-06-07,24078,1170,311,11,3652,13
2020-06-08,24378,1180,300,10,3669,17
2020-06-09,24630,1185,252,5,3699,30
2020-06-10,24892,1186,262,1,3747,48
2020-06-11,25176,1198,284,12,3773,26
2020-06-12,25542,1203,366,5,3772,-1
2020-06-13,25825,1207,283,4,3817,45
2020-06-14,26158,1209,333,2,3845,28
2020-06-15,26530,1211,372,2,3856,11
2020-06-16,26787,1219,257,8,3894,38
2020-06-17,27193,1225,406,6,3915,21
2020-06-18,27608,1232,415,7,3938,23
2020-06-19,28225,1239,617,7,3959,21
2020-06-20,28676,1243,451,4,4003,44
2020-06-21,28874,1248,198,5,4030,27
2020-06-22,29394,1253,520,5,4049,19
2020-06-23,29874,1263,480,10,4062,13
2020-06-24,30372,1266,498,3,4067,5
2020-06-25,30866,1270,494,4,4093,26
2020-06-26,31422,1281,556,11,4106,13
2020-06-27,31766,1288,344,7,4194,88
2020-06-28,32267,1292,501,4,4240,46
2020-06-29,32831,1297,564,5,4275,35
2020-06-30,33439,1303,608,6,4323,48
2020-07-01,34152,1309,713,6,4361,38
2020-07-02,34909,1319,757,10,4402,41
2020-07-03,35260,1328,351,9,4442,40
2020-07-04,35902,1335,642,7,4463,21
2020-07-05,36959,1342,1057,7,4473,10
2020-07-06,37393,1351,434,9,4482,9
2020-07-07,37916,1360,523,9,4544,62
2020-07-08,38563,1368,647,8,4582,38
2020-07-09,39202,1384,639,16,4630,48
2020-07-10,39806,1393,604,9,4665,35
2020-07-11,40672,1400,866,7,4662,-3
2020-07-12,41749,1405,1077,5,4662,0
2020-07-13,42295,1414,546,9,4751,89
2020-07-14,43037,1426,742,12,4778,27
2020-07-15,44299,1429,1262,3,4788,10
2020-07-16,45052,1435,753,6,4829,41
2020-07-17,46022,1441,970,6,4944,115
2020-07-18,46956,1448,934,7,4984,40
2020-07-19,47751,1457,795,9,5033,49
2020-07-20,48590,1468,839,11,5063,30
2020-07-21,49250,1480,660,12,5102,39
2020-07-22,49982,1488,732,8,5161,59
2020-07-23,50832,1497,850,9,5211,50
2020-07-24,51870,1510,1038,13,5276,65
2020-07-25,52669,1522,799,12,5301,25
2020-07-26,53339,1537,670,15,5341,40
2020-07-27,54201,1545,862,8,5374,33
2020-07-28,54979,1559,778,14,5397,23
2020-07-29,55751,1575,772,16,5474,77
2020-07-30,56736,1588,985,13,5476,2
2020-07-31,57586,1603,850,15,5568,92
2020-08-01,58216,1619,630,16,5568,0
2020-08-02,58767,1628,551,9,5655,87
2020-08-03,59447,1638,680,10,5692,37
2020-08-04,60132,1656,685,18,5744,52
2020-08-05,60963,1677,831,21,5779,35
2020-08-06,61686,1685,723,8,5840,61
2020-08-07,62583,1702,897,17,5874,34
2020-08-08,63189,1711,606,9,5890,16
2020-08-09,63769,1722,580,11,5896,6
2020-08-10,64260,1733,491,11,6001,105
2020-08-11,64800,1741,540,8,6049,48
2020-08-12,65439,1755,639,14,6102,53
2020-08-13,66254,1765,815,10,6137,35
2020-08-14,66989,1780,735,15,6182,45
2020-08-15,67581,1791,592,11,6206,24
2020-08-16,67854,1802,273,11,6230,24
2020-08-17,68386,1809,532,7,6255,25
2020-08-18,68922,1816,536,7,6296,41
2020-08-19,69662,1828,740,12,6358,62
2020-08-20,70180,1836,518,8,6388,30
2020-08-21,71007,1840,827,4,6400,12
2020-08-22,71471,1845,464,5,6469,69
2020-08-23,71814,1849,343,4,6500,31
2020-08-24,72161,1856,347,7,6530,30
2020-08-25,72634,1862,473,6,6542,12
2020-08-26,73217,1877,583,15,6595,53
2020-08-27,73801,1886,584,9,6640,45
2020-08-28,74420,1894,619,8,0,0
2020-08-29,74885,1899,465,5,0,0
2020-08-30,75195,1904,310,5,0,0
2020-08-31,75502,1912,307,8,0,0
2020-09-01,75977,1918,475,6,0,0
2020-09-02,76537,1924,560,6,0,0
2020-09-03,77034,1930,497,6,0,0
2020-09-04,77559,1932,525,2,0,0
2020-09-05,77979,1942,420,10,0,0
2020-09-06,78295,1948,316,6,0,0
2020-09-07,78492,1952,197,4,0,0
2020-09-08,78781,1954,289,2,0,0
2020-09-09,79280,1958,499,4,0,0
2020-09-10,79880,1965,600,7,0,0
2020-09-11,80374,1972,494,7,0,0
2020-09-12,80738,1978,364,6,0,0
2020-09-13,81056,1983,318,5,0,0
2020-09-14,81392,1990,336,7,0,0
2020-09-15,81776,1999,384,9,0,0
2020-09-16,82193,2007,417,8,0,0
2020-09-17,82610,2013,417,6,0,0
2020-09-18,83239,2021,629,8,0,0
2020-09-19,83622,2026,383,5,0,0
2020-09-20,83925,2034,303,8,0,0
2020-09-21,84270,2040,345,6,0,0
2020-09-22,84814,2051,544,11,0,0
2020-09-23,85397,2057,583,6,0,0
2020-09-24,86422,2063,1025,6,0,0
2020-09-25,87062,2070,640,7,0,0
2020-09-26,87519,2074,457,4,0,0
2020-09-27,87897,2081,378,7,0,0
2020-09-28,88291,2088,394,7,0,0
2020-09-29,88823,2093,532,5,0,0
2020-09-30,89463,2100,640,7,0,0
2020-10-01,90179,2110,716,10,0,0
2020-10-02,90821,2117,642,7,0,0
2020-10-03,91290,2123,469,6,0,0
2020-10-04,91709,2127,419,4,0,0
2020-10-05,92136,2135,427,8,0,0
2020-10-06,92692,2146,556,11,0,0
2020-10-07,93450,2151,758,5,0,0
2020-10-08,94143,2158,693,7,0,0
2020-10-09,94691,2165,548,7,0,0
2020-10-10,95539,2168,848,3,0,0
2020-10-11,95914,2171,375,3,0,0
2020-10-12,96521,2183,607,12,0,0
2020-10-13,97240,2187,719,4,0,0
2020-10-14,97938,2196,698,9,0,0
2020-10-15,98713,2200,775,4,0,0
2020-10-16,99539,2205,826,5,0,0
2020-10-17,100105,2211,566,6,0,0
2020-10-18,100572,2221,467,10,0,0
2020-10-19,101064,2231,492,10,0,0
2020-10-20,101864,2237,800,6,0,0
2020-10-21,102567,2248,703,11,0,0
2020-10-22,103379,2259,812,11,0,0
2020-10-23,104328,2266,949,7,0,0
2020-10-24,105069,2277,741,11,0,0
2020-10-25,105665,2285,596,8,0,0
2020-10-26,106212,2294,547,9,0,0
2020-10-27,106963,2304,751,10,0,0
2020-10-28,107843,2316,880,12,0,0
2020-10-29,108954,2320,1111,4,0,0
2020-10-30,109932,2331,978,11,0,0
2020-10-31,110808,2345,876,14,0,0
2020-11-01,111848,2353,1040,8,0,0
2020-11-02,112593,2358,745,5,0,0
2020-11-03,114127,2368,1534,10,0,0
2020-11-04,115251,2380,1124,12,0,0
2020-11-05,117023,2392,1772,12,0,0
2020-11-06,118771,2406,1748,14,0,0
2020-11-07,120221,2411,1450,5,0,0
2020-11-08,121467,2422,1246,11,0,0
2020-11-09,122887,2432,1420,10,0,0
2020-11-10,124549,2446,1662,14,0,0
2020-11-11,126574,2453,2025,7,0,0
2020-11-12,128821,2466,2247,13,0,0
2020-11-13,131141,2477,2320,11,0,0
2020-11-14,133391,2493,2250,16,0,0
2020-11-15,134969,2505,1578,12,0,0
2020-11-16,137561,2520,2592,15,0,0
2020-11-17,139120,2532,1559,12,0,0
2020-11-18,141231,2545,2111,13,0,0
2020-11-19,143405,2557,2174,12,0,0
2020-11-20,145281,2573,1876,16,0,0
2020-11-21,147929,2595,2648,22,0,0
2020-11-22,151488,2612,3559,17,0,0
2020-11-23,154770,2631,3282,19,0,0
2020-11-24,157790,2645,3020,14,0,0
2020-11-25,160663,2662,2873,17,0,0
2020-11-26,162730,2681,2067,19,0,0
2020-11-27,165124,2695,2394,14,0,0
2020-11-28,167231,2714,2107,19,0,0
2020-11-29,169500,2731,2269,17,0,0
2020-11-30,171962,2762,2462,31,0,0
2020-12-01,175033,2783,3071,21,0,0
2020-12-02,177358,2806,2325,23,0,0
2020-12-03,179443,2823,2085,17,0,0
2020-12-04,181329,2849,1886,26,0,0
2020-12-05,183081,2867,1752,18,0,0
2020-12-06,189152,2883,6071,16,0,0
2020-12-07,192947,2905,3795,22,0,0
2020-12-08,196032,2915,3085,10,0,0
2020-12-09,199028,2922,2996,7,0,0
2020-12-10,202177,2933,3149,11,0,0
2020-12-11,206288,2939,4111,6,0,0
2020-12-12,208717,2941,2429,2,0,0
2020-12-13,210809,2941,2092,0,0,0
2020-12-14,212584,2941,1775,0,0,0
2020-12-15,214265,2941,1681,0,0,0
2020-12-16,214265,3042,0,101,0,0
2020-12-17,217205,3117,2940,75,0,0
2020-12-18,220268,3104,3063,-13,0,0
2020-12-19,222600,3104,2332,0,0,0
2020-12-20,222600,3104,0,0,0,0
2020-12-21,226635,3106,4035,2,0,0
2020-12-22,227887,3131,1252,25,0,0
2020-12-23,230202,3162,2315,31,0,0
2020-12-24,233093,3184,2891,22,0,0
2020-12-25,233093,3184,0,0,0,0
2020-12-26,236719,3184,3626,0,0,0
2020-12-27,236719,3184,0,0,0,0
2020-12-28,238672,3195,1953,11,0,0
2020-12-29,240846,3369,2174,174,0,0
2020-12-30,242330,3420,1484,51,0,0
2020-12-31,246752,3461,4422,41,0,0
2021-01-01,246752,3461,0,0,0,0
2021-01-02,246752,3461,0,0,0,0
2021-01-03,255396,3459,8644,-2,0,0
2021-01-04,256435,3482,1039,23,0,0
2021-01-05,258767,3541,2332,59,0,0
2021-01-06,260752,3605,1985,64,0,0
2021-01-07,264012,3634,3260,29,0,0
2021-01-08,268607,3699,4595,65,0,0
2021-01-09,271595,3698,2988,-1,0,0
2021-01-10,271595,3698,0,0,0,0
2021-01-11,276686,3699,5091,1,0,0
2021-01-12,278544,3789,1858,90,0,0
2021-01-13,281202,3838,2658,49,0,0
2021-01-14,283777,3876,2575,38,0,0
2021-01-15,285970,3903,2193,27,0,0
2021-01-16,285970,3903,0,0,0,0
2021-01-17,289939,3903,3969,0,0,0
2021-01-18,289939,3903,0,0,0,0
2021-01-19,291989,3940,2050,37,0,0
2021-01-20,294017,3940,2028,0,0,0
2021-01-21,296087,4065,2070,125,0,0
2021-01-22,298249,4114,2162,49,0,0
2021-01-23,300198,4114,1949,0,0,0
2021-01-24,300198,4114,0,0,0,0
2021-01-25,302141,4148,1943,34,0,0
2021-01-26,303482,4167,1341,19,0,0
2021-01-27,305289,4211,1807,44,0,0
2021-01-28,307809,4243,2520,32,0,0
2021-01-29,309801,4285,1992,42,0,0
2021-01-30,311597,4285,1796,0,0,0
2021-01-31,311597,4285,0,0,0,0
2021-02-01,313335,4318,1738,33,0,0
2021-02-02,314692,4316,1357,-2,0,0
2021-02-03,316294,4388,1602,72,0,0
2021-02-04,317878,4416,1584,28,0,0
2021-02-05,319371,4449,1493,33,0,0
2021-02-06,320146,4449,775,0,0,0
2021-02-07,320146,4449,0,0,0,0
2021-02-08,323214,4451,3068,2,0,0
2021-02-09,324025,4558,811,107,0,0
2021-02-10,324706,4603,681,45,0,0
2021-02-11,326159,4633,1453,30,0,0
2021-02-12,327167,4675,1008,42,0,0
2021-02-13,328047,4675,880,0,0,0
2021-02-14,328047,4675,0,0,0,0
2021-02-15,328047,4675,0,0,0,0
2021-02-16,329746,4709,1699,34,0,0
2021-02-17,330807,4759,1061,50,0,0
2021-02-18,332007,4803,1200,44,0,0
2021-02-19,332904,4822,897,19,0,0
2021-02-20,333794,4822,890,0,0,0
2021-02-21,333794,4822,0,0,0,0
2021-02-22,334962,4857,1168,35,0,0
2021-02-23,335693,4881,731,24,0,0
2021-02-24,336565,4912,872,31,0,0
2021-02-25,337653,4942,1088,30,0,0
2021-02-26,338822,4956,1169,14,0,0
2021-02-27,339773,4956,951,0,0,0
2021-02-28,339773,4956,0,0,0,0
2021-03-01,340708,4969,935,13,0,0
2021-03-02,341441,4988,733,19,0,0
2021-03-03,342236,5012,795,24,0,0
2021-03-04,343090,5032,854,20,0,0
2021-03-05,343868,5041,778,9,0,0
2021-03-06,344532,5041,664,0,0,0
2021-03-07,344532,5041,0,0,0,0
2021-03-08,345731,5063,1199,22,0,0
2021-03-09,346403,5077,672,14,0,0
2021-03-10,347131,5100,728,23,0,0
2021-03-11,347884,5107,753,7,0,0
2021-03-12,348516,5123,632,16,0,0
2021-03-13,349425,5123,909,0,0,0
2021-03-14,349425,5123,0,0,0,0
