"date","positive","death","positiveIncrease","deathIncrease","hospitalized","hospitalizedIncrease"
2020-04-13,868,6,138,0,44,1
2020-04-14,988,6,120,0,45,1
2020-04-15,1168,6,180,0,51,6
2020-04-16,1311,7,143,1,55,4
2020-04-17,1411,7,100,0,63,8
2020-04-18,1542,7,131,0,68,5
2020-04-19,1635,7,93,0,74,6
2020-04-20,1685,7,50,0,87,13
2020-04-21,1755,8,70,1,100,13
2020-04-22,1858,9,103,1,111,11
2020-04-23,1956,9,98,0,119,8
2020-04-24,2040,10,84,1,124,5
2020-04-25,2147,10,107,0,128,4
2020-04-26,2212,11,65,1,135,7
2020-04-27,2244,11,32,0,150,15
2020-04-28,2313,11,69,0,157,7
2020-04-29,2373,13,60,2,165,8
2020-04-30,2449,17,76,4,173,8
2020-05-01,2525,21,76,4,179,6
2020-05-02,2588,21,63,0,187,8
2020-05-03,2631,21,43,0,197,10
2020-05-04,2668,21,37,0,211,14
2020-05-05,2721,24,53,3,220,9
2020-05-06,2780,29,59,5,230,10
2020-05-07,2906,31,126,2,236,6
2020-05-08,3145,31,239,0,247,11
2020-05-09,3393,34,248,3,253,6
2020-05-10,3517,34,124,0,261,8
2020-05-11,3614,34,97,0,263,2
2020-05-12,3663,39,49,5,271,8
2020-05-13,3732,39,69,0,281,10
2020-05-14,3792,43,60,4,290,9
2020-05-15,3887,44,95,1,296,6
2020-05-16,3959,44,72,0,304,8
2020-05-17,3987,44,28,0,312,8
2020-05-18,4027,44,40,0,316,4
2020-05-19,4085,46,58,2,327,11
2020-05-20,4177,46,92,0,333,6
2020-05-21,4177,48,0,2,342,9
2020-05-22,4356,50,179,2,351,9
2020-05-23,4464,50,108,0,358,7
2020-05-24,4563,50,99,0,364,6
2020-05-25,4586,50,23,0,370,6
2020-05-26,4653,50,67,0,378,8
2020-05-27,4710,54,57,4,391,13
2020-05-28,4793,54,83,0,406,15
2020-05-29,4866,59,73,5,418,12
2020-05-30,4960,62,94,3,427,9
2020-05-31,4993,62,33,0,432,5
2020-06-01,5034,62,41,0,435,3
2020-06-02,5067,62,33,0,443,8
2020-06-03,5162,62,95,0,456,13
2020-06-04,5247,64,85,2,464,8
2020-06-05,5277,64,30,0,467,3
2020-06-06,5367,65,90,1,474,7
2020-06-07,5438,65,71,0,478,4
2020-06-08,5471,65,33,0,482,4
2020-06-09,5523,68,52,3,487,5
2020-06-10,5604,69,81,1,503,16
2020-06-11,5665,73,61,4,514,11
2020-06-12,5742,74,77,1,525,11
2020-06-13,5833,75,91,1,531,6
2020-06-14,5898,75,65,0,539,8
2020-06-15,5928,75,30,0,544,5
2020-06-16,5966,77,38,2,562,18
2020-06-17,6050,78,84,1,570,8
2020-06-18,6109,78,59,0,585,15
2020-06-19,6158,81,49,3,589,4
2020-06-20,6225,81,67,0,598,9
2020-06-21,6297,81,72,0,608,10
2020-06-22,6326,81,29,0,616,8
2020-06-23,6353,83,27,2,624,8
2020-06-24,6419,84,66,1,629,5
2020-06-25,6479,87,60,3,632,3
2020-06-26,6535,88,56,1,639,7
2020-06-27,6626,91,91,3,645,6
2020-06-28,6681,91,55,0,652,7
2020-06-29,6716,91,35,0,657,5
2020-06-30,6764,91,48,0,666,9
2020-07-01,6826,93,62,2,674,8
2020-07-02,6893,97,67,4,683,9
2020-07-03,6978,97,85,0,687,4
2020-07-04,7028,97,50,0,689,2
2020-07-05,7063,97,35,0,691,2
2020-07-06,7105,97,42,0,692,1
2020-07-07,7163,98,58,1,699,7
2020-07-08,7242,98,79,0,709,10
2020-07-09,7336,101,94,3,718,9
2020-07-10,7401,107,65,6,726,8
2020-07-11,7454,109,53,2,738,12
2020-07-12,7499,109,45,0,738,0
2020-07-13,7524,109,25,0,742,4
2020-07-14,7572,109,48,0,744,2
2020-07-15,7652,111,80,2,752,8
2020-07-16,7694,115,42,4,757,5
2020-07-17,7789,116,95,1,763,6
2020-07-18,7862,116,73,0,771,8
2020-07-19,7906,118,44,2,774,3
2020-07-20,7943,118,37,0,774,0
2020-07-21,8019,118,76,0,776,2
2020-07-22,8077,119,58,1,790,14
2020-07-23,8143,121,66,2,792,2
2020-07-24,8200,122,57,1,796,4
2020-07-25,8305,122,105,0,798,2
2020-07-26,8395,123,90,1,801,3
2020-07-27,8444,123,49,0,806,5
2020-07-28,8492,123,48,0,808,2
2020-07-29,8641,129,149,6,810,2
2020-07-30,8685,129,44,0,815,5
2020-07-31,8764,130,79,1,824,9
2020-08-01,8867,134,103,4,832,8
2020-08-02,8955,135,88,1,835,3
2020-08-03,9020,135,65,0,838,3
2020-08-04,9079,136,59,1,846,8
2020-08-05,9168,137,89,1,856,10
2020-08-06,9273,141,105,4,861,5
2020-08-07,9371,144,98,3,866,5
2020-08-08,9477,146,106,2,871,5
2020-08-09,9605,146,128,0,876,5
2020-08-10,9663,146,58,0,882,6
2020-08-11,9713,146,50,0,887,5
2020-08-12,9815,147,102,1,892,5
2020-08-13,9897,148,82,1,896,4
2020-08-14,10024,150,127,2,903,7
2020-08-15,10118,152,94,2,913,10
2020-08-16,10274,153,156,1,916,3
2020-08-17,10360,153,86,0,921,5
2020-08-18,10441,154,81,1,927,6
2020-08-19,10566,155,125,1,935,8
2020-08-20,10691,157,125,2,940,5
2020-08-21,10884,159,193,2,948,8
2020-08-22,11135,160,251,1,951,3
2020-08-23,11276,161,141,1,959,8
2020-08-24,11425,161,149,0,965,6
2020-08-25,11505,161,80,0,974,9
2020-08-26,11571,162,66,1,981,7
2020-08-27,12194,162,623,0,983,2
2020-08-28,12517,165,323,3,0,0
2020-08-29,12942,167,425,2,0,0
2020-08-30,13322,167,380,0,0,0
2020-08-31,13509,167,187,0,0,0
2020-09-01,13749,167,240,0,0,0
2020-09-02,14003,169,254,2,0,0
2020-09-03,14337,169,334,0,0,0
2020-09-04,14596,170,259,1,0,0
2020-09-05,14889,173,293,3,0,0
2020-09-06,15109,173,220,0,0,0
2020-09-07,15300,173,191,0,0,0
2020-09-08,15403,173,103,0,0,0
2020-09-09,15571,173,168,0,0,0
2020-09-10,15834,177,263,4,0,0
2020-09-11,16117,177,283,0,0,0
2020-09-12,16437,183,320,6,0,0
2020-09-13,16638,184,201,1,0,0
2020-09-14,16801,184,163,0,0,0
2020-09-15,16994,184,193,0,0,0
2020-09-16,17291,192,297,8,0,0
2020-09-17,17686,193,395,1,0,0
2020-09-18,18075,195,389,2,0,0
2020-09-19,18444,200,369,5,0,0
2020-09-20,18696,202,252,2,0,0
2020-09-21,18869,202,173,0,0,0
2020-09-22,19189,202,320,0,0,0
2020-09-23,19634,202,445,0,0,0
2020-09-24,20097,210,463,8,0,0
2020-09-25,20554,216,457,6,0,0
2020-09-26,21133,218,579,2,0,0
2020-09-27,21541,218,408,0,0,0
2020-09-28,21738,218,197,0,0,0
2020-09-29,21997,223,259,5,0,0
2020-09-30,22389,223,392,0,0,0
2020-10-01,23136,236,747,13,0,0
2020-10-02,23522,237,386,1,0,0
2020-10-03,23986,248,464,11,0,0
2020-10-04,24418,248,432,0,0,0
2020-10-05,24598,248,180,0,0,0
2020-10-06,24876,248,278,0,0,0
2020-10-07,25906,258,1030,10,0,0
2020-10-08,26441,272,535,14,0,0
2020-10-09,27215,277,774,5,0,0
2020-10-10,27947,286,732,9,0,0
2020-10-11,28564,286,617,0,0,0
2020-10-12,28925,288,361,2,0,0
2020-10-13,29339,288,414,0,0,0
2020-10-14,30215,291,876,3,0,0
2020-10-15,31012,304,797,13,0,0
2020-10-16,31805,307,793,3,0,0
2020-10-17,32611,315,806,8,0,0
2020-10-18,33269,323,658,8,0,0
2020-10-19,33836,323,567,0,0,0
2020-10-20,34457,330,621,7,0,0
2020-10-21,35044,333,587,3,0,0
2020-10-22,36017,347,973,14,0,0
2020-10-23,37202,356,1185,9,0,0
2020-10-24,38141,366,939,10,0,0
2020-10-25,39203,375,1062,9,0,0
2020-10-26,39741,375,538,0,0,0
2020-10-27,40730,375,989,0,0,0
2020-10-28,42000,384,1270,9,0,0
2020-10-29,43000,403,1000,19,0,0
2020-10-30,44559,415,1559,12,0,0
2020-10-31,45992,425,1433,10,0,0
2020-11-01,47324,437,1332,12,0,0
2020-11-02,47850,438,526,1,0,0
2020-11-03,48854,446,1004,8,0,0
2020-11-04,49791,460,937,14,0,0
2020-11-05,51151,482,1360,22,0,0
2020-11-06,52639,510,1488,28,0,0
2020-11-07,53976,523,1337,13,0,0
2020-11-08,55404,536,1428,13,0,0
2020-11-09,56311,537,907,1,0,0
2020-11-10,57334,540,1023,3,0,0
2020-11-11,58696,567,1362,27,0,0
2020-11-12,60716,567,2020,0,0,0
2020-11-13,62327,568,1611,1,0,0
2020-11-14,64182,621,1855,53,0,0
2020-11-15,65381,644,1199,23,0,0
2020-11-16,66278,644,897,0,0,0
2020-11-17,67284,644,1006,0,0,0
2020-11-18,68671,674,1387,30,0,0
2020-11-19,69742,705,1071,31,0,0
2020-11-20,71070,741,1328,36,0,0
2020-11-21,72214,777,1144,36,0,0
2020-11-22,73065,819,851,42,0,0
2020-11-23,73848,819,783,0,0,0
2020-11-24,74859,821,1011,2,0,0
2020-11-25,76142,849,1283,28,0,0
2020-11-26,76142,849,0,0,0,0
2020-11-27,78280,888,2138,39,0,0
2020-11-28,79099,942,819,54,0,0
2020-11-29,79900,943,801,1,0,0
2020-11-30,80464,946,564,3,0,0
2020-12-01,80912,948,448,2,0,0
2020-12-02,82203,995,1291,47,0,0
2020-12-03,83348,1033,1145,38,0,0
2020-12-04,84398,1064,1050,31,0,0
2020-12-05,85304,1091,906,27,0,0
2020-12-06,85991,1110,687,19,0,0
2020-12-07,86500,1110,509,0,0,0
2020-12-08,87038,1111,538,1,0,0
2020-12-09,88023,1147,985,36,0,0
2020-12-10,88727,1177,704,30,0,0
2020-12-11,89672,1210,945,33,0,0
2020-12-12,90407,1243,735,33,0,0
2020-12-13,91038,1259,631,16,0,0
2020-12-14,91354,1259,316,0,0,0
2020-12-15,91699,1261,345,2,0,0
2020-12-16,92603,1300,904,39,0,0
2020-12-17,93197,1301,594,1,0,0
2020-12-18,93772,1329,575,28,0,0
2020-12-19,94336,1350,564,21,0,0
2020-12-20,94727,1361,391,11,0,0
2020-12-21,95074,1381,347,20,0,0
2020-12-22,95509,1381,435,0,0,0
2020-12-23,96040,1389,531,8,0,0
2020-12-24,96546,1430,506,41,0,0
2020-12-25,96546,1430,0,0,0,0
2020-12-26,96963,1446,417,16,0,0
2020-12-27,97390,1446,427,0,0,0
2020-12-28,97657,1446,267,0,0,0
2020-12-29,98158,1446,501,0,0,0
2020-12-30,98720,1464,562,18,0,0
2020-12-31,99164,1488,444,24,0,0
2021-01-01,99164,1488,0,0,0,0
2021-01-02,99829,1501,665,13,0,0
2021-01-03,100532,1513,703,12,0,0
2021-01-04,100643,1513,111,0,0,0
2021-01-05,101076,1513,433,0,0,0
2021-01-06,101684,1519,608,6,0,0
2021-01-07,102132,1544,448,25,0,0
2021-01-08,102580,1556,448,12,0,0
2021-01-09,102901,1570,321,14,0,0
2021-01-10,103318,1585,417,15,0,0
2021-01-11,103499,1585,181,0,0,0
2021-01-12,103743,1585,244,0,0,0
2021-01-13,104195,1604,452,19,0,0
2021-01-14,104512,1614,317,10,0,0
2021-01-15,104937,1629,425,15,0,0
2021-01-16,105278,1633,341,4,0,0
2021-01-17,105544,1656,266,23,0,0
2021-01-18,105659,1667,115,11,0,0
2021-01-19,105786,1667,127,0,0,0
2021-01-20,106063,1667,277,0,0,0
2021-01-21,106400,1673,337,6,0,0
2021-01-22,106716,1684,316,11,0,0
2021-01-23,106963,1696,247,12,0,0
2021-01-24,107148,1705,185,9,0,0
2021-01-25,107180,1705,32,0,0,0
2021-01-26,107380,1705,200,0,0,0
2021-01-27,107608,1739,228,34,0,0
2021-01-28,107795,1763,187,24,0,0
2021-01-29,107955,1768,160,5,0,0
2021-01-30,108070,1775,115,7,0,0
2021-01-31,108250,1778,180,3,0,0
2021-02-01,108315,1778,65,0,0,0
2021-02-02,108431,1779,116,1,0,0
2021-02-03,108639,1782,208,3,0,0
2021-02-04,108813,1788,174,6,0,0
2021-02-05,108944,1798,131,10,0,0
2021-02-06,109132,1804,188,6,0,0
2021-02-07,109229,1809,97,5,0,0
2021-02-08,109283,1809,54,0,0,0
2021-02-09,109405,1809,122,0,0,0
2021-02-10,109580,1815,175,6,0,0
2021-02-11,109859,1829,279,14,0,0
2021-02-12,110068,1831,209,2,0,0
2021-02-13,110205,1838,137,7,0,0
2021-02-14,110315,1844,110,6,0,0
2021-02-15,110376,1844,61,0,0,0
2021-02-16,110593,1844,217,0,0,0
2021-02-17,110685,1844,92,0,0,0
2021-02-18,110871,1847,186,3,0,0
2021-02-19,111018,1853,147,6,0,0
2021-02-20,111165,1859,147,6,0,0
2021-02-21,111304,1863,139,4,0,0
2021-02-22,111334,1863,30,0,0,0
2021-02-23,111546,1863,212,0,0,0
2021-02-24,111808,1864,262,1,0,0
2021-02-25,111964,1872,156,8,0,0
2021-02-26,112107,1879,143,7,0,0
2021-02-27,112293,1886,186,7,0,0
2021-02-28,112427,1888,134,2,0,0
2021-03-01,112470,1888,43,0,0,0
2021-03-02,112652,1888,182,0,0,0
2021-03-03,112833,1893,181,5,0,0
2021-03-04,113065,1896,232,3,0,0
2021-03-05,113229,1896,164,0,0,0
2021-03-06,113378,1898,149,2,0,0
2021-03-07,113589,1900,211,2,0,0
2021-03-08,113596,1901,7,1,0,0
2021-03-09,113753,1901,157,0,0,0
2021-03-10,113962,1904,209,3,0,0
2021-03-11,114163,1905,201,1,0,0
2021-03-12,114347,1907,184,2,0,0
2021-03-13,114493,1909,146,2,0,0
2021-03-14,114623,1912,130,3,0,0
