"date","positive","death","positiveIncrease","deathIncrease","hospitalized","hospitalizedIncrease","hospitalizedCurrently"
2020-03-07,0,0,0,0,0,0,0
2020-03-08,0,0,0,0,0,0,0
2020-03-09,0,0,0,0,0,0,0
2020-03-10,0,0,0,0,0,0,0
2020-03-11,0,0,0,0,0,0,0
2020-03-12,1,0,1,0,0,0,0
2020-03-13,1,0,0,0,0,0,0
2020-03-14,2,0,1,0,0,0,0
2020-03-15,3,0,1,0,0,0,0
2020-03-16,3,0,0,0,0,0,0
2020-03-17,10,0,7,0,0,0,0
2020-03-18,15,0,5,0,0,0,0
2020-03-19,18,0,3,0,0,0,0
2020-03-20,19,0,1,0,0,0,0
2020-03-21,23,0,4,0,0,0,0
2020-03-22,24,0,1,0,0,0,0
2020-03-23,26,0,2,0,0,0,0
2020-03-24,29,0,3,0,0,0,0
2020-03-25,44,0,15,0,0,0,0
2020-03-26,53,0,9,0,0,0,0
2020-03-27,70,0,17,0,11,11,0
2020-03-28,82,0,12,0,14,3,0
2020-03-29,86,0,4,0,15,1,0
2020-03-30,94,0,8,0,17,2,0
2020-03-31,109,0,15,0,17,0,0
2020-04-01,130,0,21,0,18,1,0
2020-04-02,150,0,20,0,19,1,0
2020-04-03,162,0,12,0,21,2,0
2020-04-04,187,0,25,0,23,2,0
2020-04-05,197,0,10,0,23,0,0
2020-04-06,210,0,13,0,23,0,0
2020-04-07,216,0,6,0,33,10,0
2020-04-08,303,0,87,0,33,0,0
2020-04-09,320,0,17,0,34,1,0
2020-04-10,340,0,20,0,37,3,0
2020-04-11,343,0,3,0,37,0,0
2020-04-12,364,0,21,0,40,3,0
2020-04-13,373,1,9,1,41,1,0
2020-04-14,383,1,10,0,43,2,0
2020-04-15,393,2,10,1,43,0,0
2020-04-16,401,2,8,0,43,0,19
2020-04-17,412,2,11,0,43,0,19
2020-04-18,422,2,10,0,50,7,19
2020-04-19,426,2,4,0,50,0,19
2020-04-20,428,2,2,0,51,1,19
2020-04-21,441,6,13,4,52,1,19
2020-04-22,447,6,6,0,52,0,19
2020-04-23,453,7,6,1,52,0,0
2020-04-24,473,7,20,0,54,2,16
2020-04-25,491,7,18,0,54,0,16
2020-04-26,502,7,11,0,54,0,16
2020-04-27,520,7,18,0,54,0,16
2020-04-28,536,7,16,0,56,2,16
2020-04-29,544,7,8,0,56,0,12
2020-04-30,559,7,15,0,56,0,13
2020-05-01,566,7,7,0,56,0,13
2020-05-02,579,7,13,0,58,2,13
2020-05-03,586,7,7,0,60,2,13
2020-05-04,596,7,10,0,60,0,13
2020-05-05,604,7,8,0,60,0,13
2020-05-06,631,7,27,0,60,0,11
2020-05-07,635,7,4,0,59,-1,11
2020-05-08,644,7,9,0,60,1,9
2020-05-09,653,7,9,0,64,4,12
2020-05-10,662,7,9,0,65,1,12
2020-05-11,669,7,7,0,66,1,12
2020-05-12,675,7,6,0,67,1,10
2020-05-13,688,7,13,0,67,0,10
2020-05-14,701,7,13,0,67,0,8
2020-05-15,716,7,15,0,68,1,8
2020-05-16,741,7,25,0,69,1,8
2020-05-17,754,8,13,1,70,1,8
2020-05-18,766,8,12,0,73,3,8
2020-05-19,776,10,10,2,73,0,8
2020-05-20,787,11,11,1,74,1,9
2020-05-21,801,11,14,0,75,1,8
2020-05-22,803,12,2,1,76,1,10
2020-05-23,813,12,10,0,77,1,10
2020-05-24,838,12,25,0,78,1,10
2020-05-25,843,12,5,0,79,1,10
2020-05-26,850,13,7,1,82,3,14
2020-05-27,860,13,10,0,82,0,12
2020-05-28,876,15,16,2,82,0,15
2020-05-29,891,15,15,0,84,2,13
2020-05-30,898,16,7,1,85,1,13
2020-05-31,903,16,5,0,85,0,13
2020-06-01,910,17,7,1,86,1,8
2020-06-02,912,17,2,0,86,0,7
2020-06-03,915,17,3,0,87,1,4
2020-06-04,921,17,6,0,87,0,4
2020-06-05,933,17,12,0,90,3,4
2020-06-06,939,17,6,0,90,0,4
2020-06-07,947,17,8,0,90,0,4
2020-06-08,960,17,13,0,91,1,7
2020-06-09,970,17,10,0,91,0,8
2020-06-10,980,18,10,1,92,1,8
2020-06-11,1009,18,29,0,92,0,7
2020-06-12,1027,18,18,0,92,0,5
2020-06-13,1050,18,23,0,93,1,5
2020-06-14,1060,18,10,0,93,0,5
2020-06-15,1079,18,19,0,93,0,4
2020-06-16,1089,18,10,0,96,3,7
2020-06-17,1114,18,25,0,97,1,7
2020-06-18,1144,18,30,0,97,0,8
2020-06-19,1173,20,29,2,98,1,8
2020-06-20,1179,20,6,0,98,0,8
2020-06-21,1197,20,18,0,100,2,8
2020-06-22,1230,20,33,0,105,5,8
2020-06-23,1254,20,24,0,109,4,8
2020-06-24,1282,20,28,0,109,0,7
2020-06-25,1326,20,44,0,111,2,7
2020-06-26,1368,20,42,0,112,1,5
2020-06-27,1392,20,24,0,111,-1,5
2020-06-28,1417,20,25,0,112,1,5
2020-06-29,1450,20,33,0,112,0,7
2020-06-30,1487,20,37,0,117,5,6
2020-07-01,1514,20,27,0,117,0,9
2020-07-02,1550,20,36,0,119,2,9
2020-07-03,1582,20,32,0,119,0,8
2020-07-04,1606,20,24,0,119,0,8
2020-07-05,1634,20,28,0,119,0,8
2020-07-06,1675,20,41,0,119,0,9
2020-07-07,1711,20,36,0,119,0,10
2020-07-08,1740,21,29,1,120,1,13
2020-07-09,1774,21,34,0,121,1,12
2020-07-10,1790,21,16,0,121,0,12
2020-07-11,1839,21,49,0,123,2,12
2020-07-12,1862,21,23,0,124,1,12
2020-07-13,1904,21,42,0,124,0,17
2020-07-14,1951,22,47,1,128,4,14
2020-07-15,1985,22,34,0,131,3,17
2020-07-16,2026,24,41,2,131,0,18
2020-07-17,2069,24,43,0,140,9,19
2020-07-18,2108,24,39,0,142,2,16
2020-07-19,2126,24,18,0,143,1,17
2020-07-20,2187,24,61,0,144,1,13
2020-07-21,2238,25,51,1,146,2,13
2020-07-22,2288,25,50,0,152,6,13
2020-07-23,2347,25,59,0,153,1,15
2020-07-24,2405,25,58,0,155,2,14
2020-07-25,2446,25,41,0,158,3,14
2020-07-26,2475,25,29,0,158,0,14
2020-07-27,2520,25,45,0,158,0,17
2020-07-28,2589,26,69,1,162,4,15
2020-07-29,2628,26,39,0,165,3,16
2020-07-30,2686,26,58,0,166,1,18
2020-07-31,2726,26,40,0,166,0,18
2020-08-01,2769,26,43,0,167,1,18
2020-08-02,2808,26,39,0,167,0,18
2020-08-03,2848,27,40,1,167,0,19
2020-08-04,2884,27,36,0,169,2,17
2020-08-05,2923,27,39,0,169,0,16
2020-08-06,2958,27,35,0,171,2,16
2020-08-07,3000,28,42,1,176,5,17
2020-08-08,3013,28,13,0,177,1,17
2020-08-09,3050,28,37,0,177,0,17
2020-08-10,3042,28,-8,0,179,2,15
2020-08-11,3073,29,31,1,183,4,15
2020-08-12,3086,29,13,0,187,4,15
2020-08-13,3119,30,33,1,189,2,14
2020-08-14,3183,30,64,0,191,2,13
2020-08-15,3227,30,44,0,191,0,13
2020-08-16,3286,30,59,0,191,0,13
2020-08-17,3331,33,45,3,195,4,13
2020-08-18,3363,34,32,1,193,-2,12
2020-08-19,3430,34,67,0,197,4,12
2020-08-20,3468,34,38,0,202,5,18
2020-08-21,3524,37,56,3,203,1,19
2020-08-22,3543,37,19,0,203,0,19
2020-08-23,3579,37,36,0,207,4,19
2020-08-24,3603,37,24,0,211,4,20
2020-08-25,3634,37,31,0,213,2,18
2020-08-26,3684,37,50,0,213,0,17
2020-08-27,3722,37,38,0,215,2,13
2020-08-28,3763,37,41,0,215,0,15
2020-08-29,3784,37,21,0,215,0,15
2020-08-30,3820,37,36,0,215,0,15
2020-08-31,3842,37,22,0,215,0,16
2020-09-01,3866,41,24,4,219,4,13
2020-09-02,3911,41,45,0,221,2,14
2020-09-03,3939,41,28,0,223,2,15
2020-09-04,3989,42,50,1,223,0,15
2020-09-05,4006,42,17,0,223,0,15
2020-09-06,4032,42,26,0,219,-4,15
2020-09-07,4032,42,0,0,219,0,15
2020-09-08,4103,42,71,0,219,0,17
2020-09-09,4151,42,48,0,221,2,12
2020-09-10,4199,42,48,0,224,3,12
2020-09-11,4264,42,65,0,227,3,12
2020-09-12,4297,42,33,0,287,60,12
2020-09-13,4346,42,49,0,228,-59,12
2020-09-14,4392,46,46,4,230,2,13
2020-09-15,4438,46,46,0,230,0,16
2020-09-16,4566,46,128,0,235,5,16
2020-09-17,4652,49,86,3,236,1,16
2020-09-18,4747,49,95,0,240,4,16
2020-09-19,4780,49,33,0,242,2,16
2020-09-20,4871,49,91,0,243,1,16
2020-09-21,4944,49,73,0,247,4,23
2020-09-22,5016,49,72,0,253,6,21
2020-09-23,5169,50,153,1,253,0,21
2020-09-24,5305,50,136,0,255,2,19
2020-09-25,5420,50,115,0,256,1,22
2020-09-26,5465,50,45,0,258,2,22
2020-09-27,5633,50,168,0,262,4,22
2020-09-28,5754,50,121,0,264,2,22
2020-09-29,5821,50,67,0,267,3,22
2020-09-30,5948,50,127,0,272,5,24
2020-10-01,6083,53,135,3,274,2,27
2020-10-02,6214,53,131,0,280,6,32
2020-10-03,6365,53,151,0,281,1,32
2020-10-04,6504,53,139,0,282,1,32
2020-10-05,6629,53,125,0,294,12,36
2020-10-06,6770,53,141,0,304,10,44
2020-10-07,6899,53,129,0,305,1,47
2020-10-08,7092,54,193,1,313,8,56
2020-10-09,7335,54,243,0,317,4,54
2020-10-10,7455,54,120,0,323,6,54
2020-10-11,7611,54,156,0,323,0,54
2020-10-12,7802,54,191,0,338,15,51
2020-10-13,7964,57,162,3,343,5,46
2020-10-14,8177,57,213,0,352,9,45
2020-10-15,8375,57,198,0,354,2,51
2020-10-16,8665,57,290,0,359,5,51
2020-10-17,8816,57,151,0,358,-1,51
2020-10-18,9025,57,209,0,360,2,51
2020-10-19,9311,57,286,0,364,4,68
2020-10-20,9526,61,215,4,371,7,66
2020-10-21,9848,61,322,0,373,2,66
2020-10-22,10119,68,271,7,373,0,81
2020-10-23,10545,68,426,0,392,19,83
2020-10-24,10805,68,260,0,392,0,83
2020-10-25,11041,68,236,0,394,2,95
2020-10-26,11477,77,436,9,401,7,102
2020-10-27,11806,77,329,0,411,10,105
2020-10-28,12146,77,340,0,421,10,104
2020-10-29,12507,87,361,10,434,13,109
2020-10-30,13028,87,521,0,440,6,120
2020-10-31,13298,87,270,0,439,-1,120
2020-11-01,13723,87,425,0,442,3,117
2020-11-02,14167,87,444,0,458,16,132
2020-11-03,14619,93,452,6,471,13,124
2020-11-04,15044,105,425,12,481,10,138
2020-11-05,15409,105,365,0,492,11,134
2020-11-06,16405,105,996,0,499,7,147
2020-11-07,16597,105,192,0,505,6,147
2020-11-08,17310,114,713,9,505,0,148
2020-11-09,18010,114,700,0,520,15,172
2020-11-10,19242,127,1232,13,542,22,178
2020-11-11,19374,127,132,0,545,3,178
2020-11-12,20479,127,1105,0,558,13,192
2020-11-13,21341,127,862,0,565,7,195
2020-11-14,21881,144,540,17,580,15,202
2020-11-15,22494,144,613,0,580,0,202
