"date","positive","death","positiveIncrease","deathIncrease","hospitalized","hospitalizedIncrease","hospitalizedCurrently"
2020-03-06,1,0,0,0,0,0,0
2020-03-07,2,0,1,0,0,0,0
2020-03-08,2,0,0,0,0,0,0
2020-03-09,5,0,3,0,0,0,0
2020-03-10,11,0,6,0,0,0,0
2020-03-11,21,0,10,0,0,0,0
2020-03-12,43,0,22,0,0,0,0
2020-03-13,62,0,19,0,0,0,0
2020-03-14,90,0,28,0,0,0,0
2020-03-15,128,0,38,0,0,0,0
2020-03-16,179,0,51,0,0,0,0
2020-03-17,246,0,67,0,0,0,0
2020-03-18,269,0,23,0,0,0,0
2020-03-19,287,0,18,0,0,0,0
2020-03-20,303,0,16,0,0,0,0
2020-03-21,327,1,24,1,0,0,0
2020-03-22,349,1,22,0,12,12,0
2020-03-23,393,1,44,0,17,5,0
2020-03-24,444,1,51,0,21,4,0
2020-03-25,502,1,58,0,35,14,26
2020-03-26,565,2,63,1,41,6,31
2020-03-27,640,4,75,2,51,10,34
2020-03-28,687,5,47,1,57,6,30
2020-03-29,725,9,38,4,75,18,39
2020-03-30,823,10,98,1,92,17,56
2020-03-31,916,12,93,2,112,20,56
2020-04-01,973,17,57,5,122,10,54
2020-04-02,1056,18,83,1,138,16,75
2020-04-03,1119,22,63,4,156,18,86
2020-04-04,1158,24,39,2,180,24,95
2020-04-05,1217,29,59,5,202,22,106
2020-04-06,1330,30,113,1,223,21,115
2020-04-07,1432,34,102,4,242,19,120
2020-04-08,1534,39,102,5,271,29,135
2020-04-09,1637,50,103,11,293,22,145
2020-04-10,1732,57,95,7,317,24,143
2020-04-11,1806,64,74,7,340,23,145
2020-04-12,1864,70,58,6,361,21,157
2020-04-13,2012,70,148,0,361,0,157
2020-04-14,2165,79,153,9,405,44,177
2020-04-15,2321,87,156,8,445,40,197
2020-04-16,2486,94,165,7,475,30,213
2020-04-17,2668,111,182,17,518,43,223
2020-04-18,2788,121,120,10,561,43,239
2020-04-19,2914,134,126,13,574,13,228
2020-04-20,3190,143,276,9,602,28,237
2020-04-21,3452,160,262,17,629,27,237
2020-04-22,3758,179,306,19,660,31,240
2020-04-23,4270,200,512,21,712,52,268
2020-04-24,4788,221,518,21,756,44,278
2020-04-25,5127,244,339,23,797,41,288
2020-04-26,5512,272,385,28,829,32,285
2020-04-27,6187,286,675,14,861,32,292
2020-04-28,6788,301,601,15,912,51,314
2020-04-29,7468,319,680,18,950,38,320
2020-04-30,8116,343,648,24,1044,94,365
2020-05-01,8736,371,620,28,1096,52,369
2020-05-02,9071,395,335,24,1159,63,389
2020-05-03,9411,419,340,24,1199,40,373
2020-05-04,10235,428,824,9,1271,72,396
2020-05-05,10876,455,641,27,1350,79,434
2020-05-06,11510,485,634,30,1405,55,443
2020-05-07,12328,508,818,23,1459,54,435
2020-05-08,13040,534,712,26,1549,90,473
2020-05-09,13321,558,281,24,1612,63,476
2020-05-10,13552,578,231,20,1657,45,434
2020-05-11,14379,591,827,13,1716,59,452
2020-05-12,15043,614,664,23,1799,83,496
2020-05-13,15772,638,729,24,1851,52,494
2020-05-14,16565,663,793,25,1915,64,498
2020-05-15,17363,692,798,29,1985,70,498
2020-05-16,17705,709,342,17,2039,54,493
2020-05-17,18016,731,311,22,2090,51,487
2020-05-18,18987,740,971,9,2128,38,488
2020-05-19,19842,757,855,17,2221,93,545
2020-05-20,20609,786,767,29,2308,87,550
2020-05-21,21582,818,973,32,2380,72,566
2020-05-22,22374,851,792,33,2432,52,534
2020-05-23,22765,861,391,10,2534,102,568
2020-05-24,23121,878,356,17,2588,54,553
2020-05-25,23524,890,403,12,2676,88,605
2020-05-26,24308,908,784,18,2709,33,570
2020-05-27,24988,942,680,34,2796,87,598
2020-05-28,25559,977,571,35,2880,84,606
2020-05-29,26013,1006,454,29,2936,56,592
2020-05-30,26181,1036,168,30,3011,75,589
2020-05-31,26322,1050,141,14,3047,36,555
2020-06-01,26897,1060,575,10,3086,39,549
2020-06-02,27376,1082,479,22,3134,48,537
2020-06-03,27889,1097,513,15,3203,69,537
2020-06-04,28290,1126,401,29,3253,50,512
2020-06-05,28688,1159,398,33,3289,36,478
2020-06-06,28853,1181,165,22,3336,47,473
2020-06-07,28988,1197,135,16,3367,31,450
2020-06-08,29436,1208,448,11,3401,34,452
2020-06-09,29866,1228,430,20,3441,40,455
2020-06-10,30199,1267,333,39,3482,41,427
2020-06-11,30418,1280,219,13,3522,40,411
2020-06-12,30463,1305,45,25,3557,35,403
2020-06-13,30465,1314,2,9,3581,24,390
2020-06-14,30471,1329,6,15,3610,29,369
2020-06-15,30693,1335,222,6,3630,20,353
2020-06-16,30882,1344,189,9,3658,28,357
2020-06-17,31296,1357,414,13,3689,31,351
2020-06-18,31675,1376,379,19,3718,29,345
2020-06-19,32031,1393,356,17,3748,30,339
2020-06-20,32467,1404,436,11,3767,19,324
2020-06-21,32920,1412,453,8,3797,30,322
2020-06-22,33227,1416,307,4,3830,33,332
2020-06-23,33469,1425,242,9,3860,30,339
2020-06-24,33763,1432,294,7,3897,37,340
2020-06-25,34123,1441,360,9,3943,46,336
2020-06-26,34616,1446,493,5,3966,23,335
2020-06-27,35033,1452,417,6,3986,20,300
2020-06-28,35549,1460,516,8,4010,24,288
2020-06-29,35861,1470,312,10,4031,21,278
2020-06-30,36303,1476,442,6,4054,23,270
2020-07-01,36716,1482,413,6,4081,27,260
2020-07-02,37210,1495,494,13,4112,31,274
2020-07-03,37624,1503,414,8,4139,27,270
2020-07-04,37624,1503,0,0,4139,0,270
2020-07-05,38136,1508,512,5,4170,31,253
2020-07-06,38569,1511,433,3,4219,49,258
2020-07-07,39133,1514,564,3,4252,33,267
2020-07-08,39589,1523,456,9,4272,20,265
2020-07-09,40163,1528,574,5,4305,33,251
2020-07-10,40767,1533,604,5,4329,24,227
2020-07-11,41571,1537,804,4,4366,37,241
2020-07-12,42281,1540,710,3,4399,33,251
2020-07-13,42772,1542,491,2,4424,25,247
2020-07-14,43170,1548,398,6,4452,28,236
2020-07-15,43742,1558,572,10,4495,43,254
2020-07-16,44347,1566,605,8,4526,31,249
2020-07-17,45013,1573,666,7,4563,37,252
2020-07-18,45470,1578,457,5,4602,39,265
2020-07-19,46204,1581,734,3,4627,25,258
2020-07-20,47107,1585,903,4,4678,51,247
2020-07-21,47457,1588,350,3,4723,45,266
2020-07-22,47961,1592,504,4,4771,48,273
2020-07-23,48721,1601,760,9,4818,47,282
2020-07-24,49488,1606,767,5,4852,34,278
2020-07-25,50291,1611,803,5,4889,37,287
2020-07-26,51153,1614,862,3,4920,31,273
2020-07-27,51803,1616,650,2,4961,41,257
2020-07-28,52281,1620,478,4,5028,67,294
2020-07-29,52947,1629,666,9,5077,49,310
2020-07-30,53692,1634,745,5,5112,35,298
2020-07-31,54463,1640,771,6,5155,43,312
2020-08-01,55188,1646,725,6,5208,53,317
2020-08-02,55947,1654,759,8,5241,33,302
2020-08-03,56560,1656,613,2,5298,57,302
2020-08-04,57162,1660,602,4,5346,48,328
2020-08-05,57779,1670,617,10,5373,27,305
2020-08-06,58640,1677,861,7,5421,48,319
2020-08-07,59185,1681,545,4,5458,37,300
2020-08-08,60101,1689,916,8,5506,48,309
2020-08-09,60898,1698,797,9,5555,49,312
2020-08-10,61516,1701,618,3,5606,51,320
2020-08-11,61839,1707,323,6,5661,55,337
2020-08-12,62303,1724,464,17,5711,50,335
2020-08-13,62993,1731,690,7,5742,31,308
2020-08-14,63723,1739,730,8,5783,41,313
2020-08-15,64413,1745,690,6,5822,39,307
2020-08-16,65152,1752,739,7,5851,29,290
2020-08-17,65716,1758,564,6,5886,35,286
2020-08-18,66061,1767,345,9,5932,46,304
2020-08-19,66618,1784,557,17,5988,56,321
2020-08-20,67308,1791,690,7,6019,31,309
2020-08-21,68133,1799,825,8,6064,45,296
2020-08-22,68867,1807,734,8,6113,49,316
2020-08-23,69584,1813,717,6,6151,38,301
2020-08-24,70298,1817,714,4,6195,44,310
2020-08-25,70707,1825,409,8,6238,43,312
2020-08-26,71236,1842,529,17,6274,36,304
2020-08-27,72390,1855,1154,13,6326,52,305
2020-08-28,73240,1859,850,4,6357,31,301
2020-08-29,74257,1863,1017,4,6411,54,313
2020-08-30,75189,1865,932,2,6454,43,315
2020-08-31,75864,1866,675,1,6480,26,306
2020-09-01,76355,1872,491,6,6520,40,294
2020-09-02,77085,1882,730,10,6566,46,297
2020-09-03,78123,1889,1038,7,6592,26,272
2020-09-04,78966,1899,843,10,6635,43,274
2020-09-05,79880,1903,914,4,6676,41,279
2020-09-06,80587,1909,707,6,6719,43,284
2020-09-07,81225,1912,638,3,6743,24,275
2020-09-08,81608,1914,383,2,6760,17,257
2020-09-09,81868,1921,260,7,6792,32,263
2020-09-10,82249,1936,381,15,6830,38,257
2020-09-11,82716,1949,467,13,6863,33,253
2020-09-12,83588,1958,872,9,6899,36,247
2020-09-13,84311,1971,723,13,6931,32,241
2020-09-14,84949,1974,638,3,6954,23,233
2020-09-15,85351,1979,402,5,6979,25,238
2020-09-16,85813,1985,462,6,7019,40,244
2020-09-17,86722,1994,909,9,7050,31,242
2020-09-18,87807,2002,1085,8,7091,41,250
2020-09-19,88721,2015,914,13,7124,33,241
2020-09-20,90017,2017,1296,2,7163,39,248
2020-09-21,90942,2021,925,4,7199,36,255
2020-09-22,91422,2031,480,10,7253,54,290
2020-09-23,92100,2037,678,6,7303,50,303
2020-09-24,93012,2040,912,3,7335,32,303
2020-09-25,94189,2046,1177,6,7391,56,303
2020-09-26,95659,2056,1470,10,7443,52,340
2020-09-27,96734,2060,1075,4,7493,50,340
2020-09-28,97638,2067,904,7,7546,53,340
2020-09-29,98447,2072,809,5,7633,87,340
2020-09-30,99134,2089,687,17,7701,68,340
2020-10-01,100200,2102,1066,13,7758,57,340
2020-10-02,101366,2112,1166,10,7793,35,340
2020-10-03,102787,2126,1421,14,7846,53,0
2020-10-04,103826,2133,1039,7,7887,41,0
2020-10-05,104799,2136,973,3,7940,53,367
2020-10-06,105740,2140,941,4,8020,80,367
2020-10-07,106651,2154,911,14,8089,69,367
2020-10-08,107922,2160,1271,6,8187,98,457
2020-10-09,109312,2174,1390,14,8251,64,471
2020-10-10,110828,2184,1516,10,8302,51,471
2020-10-11,112268,2194,1440,10,8354,52,471
2020-10-12,113439,2197,1171,3,8421,67,446
2020-10-13,114574,2204,1135,7,8500,79,481
2020-10-14,115943,2180,1369,-24,8585,85,487
2020-10-15,117106,2199,1163,19,8652,67,445
2020-10-16,119396,2212,2290,13,8718,66,484
2020-10-17,121090,2217,1694,5,8801,83,484
2020-10-18,122812,2234,1722,17,8866,65,484
2020-10-19,124439,2239,1627,5,8916,50,532
2020-10-20,125531,2246,1092,7,9042,126,567
2020-10-21,126591,2281,1060,35,9147,105,588
2020-10-22,128152,2301,1561,20,9226,79,584
2020-10-23,129863,2314,1711,13,9338,112,584
2020-10-24,132122,2328,2259,14,9444,106,584
2020-10-25,133802,2349,1680,21,9511,67,584
2020-10-26,135372,2353,1570,4,9588,77,614
2020-10-27,137536,2368,2164,15,9729,141,658
2020-10-28,139444,2387,1908,19,9855,126,680
2020-10-29,142311,2419,2867,32,9991,136,867
2020-10-30,145465,2437,3154,18,10119,128,738
2020-10-31,148472,2457,3007,20,10270,151,738
2020-11-01,150672,2475,2200,18,10334,64,738
2020-11-02,153620,2484,2948,9,10437,103,774
2020-11-03,157096,2499,3476,15,10647,210,852
2020-11-04,160923,2530,3827,31,10849,202,908
2020-11-05,164865,2555,3942,25,11016,167,931
2020-11-06,170307,2591,5442,36,11193,177,1038
2020-11-07,174954,2625,4647,34,11394,201,1038
2020-11-08,180862,2656,5908,31,11527,133,1038
2020-11-09,184788,2675,3926,19,11671,144,1084
2020-11-10,189681,2698,4893,23,11933,262,1224
2020-11-11,194570,2754,4889,56,12151,218,1299
2020-11-12,201795,2793,7225,39,12443,292,1329
2020-11-13,207339,2839,5544,46,12644,201,1424
2020-11-14,216028,2874,8689,35,12915,271,1424
2020-11-15,223581,2905,7553,31,13074,159,1424
