"date","positive","death","positiveIncrease","deathIncrease","hospitalized","hospitalizedIncrease"
2020-04-13,23931,714,1136,74,3015,-2219
2020-04-14,25356,767,1425,53,5163,2148
2020-04-15,26686,860,1330,93,5163,0
2020-04-16,27677,956,991,96,5031,-132
2020-04-17,29157,1037,1480,81,4892,-139
2020-04-18,30491,1140,1334,103,4892,0
2020-04-19,31431,1177,940,37,4731,-161
2020-04-20,33686,1225,2255,48,4674,-57
2020-04-21,35465,1282,1779,57,4886,212
2020-04-22,37344,1421,1879,139,4984,98
2020-04-23,39561,1533,2217,112,4929,-55
2020-04-24,41355,1621,1794,88,4880,-49
2020-04-25,42368,1689,1013,68,4847,-33
2020-04-26,43558,1725,1190,36,4928,81
2020-04-27,44966,1779,1408,54,4878,-50
2020-04-28,46164,1864,1198,85,NA,NA
2020-04-29,48747,1946,2583,82,NA,NA
2020-04-30,50130,2031,1383,85,NA,NA
2020-05-01,52026,2126,1896,95,NA,NA
2020-05-02,53347,2180,1321,54,NA,NA
2020-05-03,54903,2216,1556,36,NA,NA
2020-05-04,55884,2278,981,62,NA,NA
2020-05-05,58456,2381,2572,103,NA,NA
2020-05-06,60616,2464,2160,83,NA,NA
2020-05-07,62148,2535,1532,71,NA,NA
2020-05-08,63779,2613,1631,78,NA,NA
2020-05-09,66558,2687,2779,74,NA,NA
2020-05-10,67600,2716,1042,29,NA,NA
2020-05-11,69329,2779,1729,63,NA,NA
2020-05-12,70978,2879,1649,100,NA,NA
2020-05-13,72798,2957,1820,78,NA,NA
2020-05-14,74871,3052,2073,95,NA,NA
2020-05-15,76693,3136,1822,84,NA,NA
2020-05-16,78725,3208,2032,72,NA,NA
2020-05-17,80166,3240,1441,32,NA,NA
2020-05-18,81457,3279,1291,39,NA,NA
2020-05-19,83752,3403,2295,124,NA,NA
2020-05-20,85997,3497,2245,94,NA,NA
2020-05-21,88031,3583,2034,86,NA,NA
2020-05-22,90252,3666,2221,83,NA,NA
2020-05-23,92539,3738,2287,72,NA,NA
2020-05-24,94020,3754,1481,16,NA,NA
2020-05-25,96400,3769,2380,15,NA,NA
2020-05-26,99387,3819,2987,50,NA,NA
2020-05-27,101050,3895,1663,76,NA,NA
2020-05-28,103813,3993,2763,98,NA,NA
2020-05-29,106622,4077,2809,84,NA,NA
2020-05-30,109895,4144,3273,67,NA,NA
2020-05-31,111951,4172,2056,28,NA,NA
2020-06-01,114733,4217,2782,45,NA,NA
2020-06-02,117215,4305,2482,88,NA,NA
2020-06-03,119348,4374,2133,69,NA,NA
2020-06-04,122168,4444,2820,70,NA,NA
2020-06-05,125738,4529,3570,85,NA,NA
2020-06-06,128593,4607,2855,78,NA,NA
2020-06-07,130615,4632,2022,25,NA,NA
2020-06-08,133816,4657,3201,25,NA,NA
2020-06-09,136641,4745,2825,88,NA,NA
2020-06-10,139715,4854,3074,109,NA,NA
2020-06-11,143377,4934,3662,80,NA,NA
2020-06-12,146659,4978,3282,44,NA,NA
2020-06-13,150018,5076,3359,98,NA,NA
2020-06-14,152300,5099,2282,23,NA,NA
2020-06-15,155726,5114,3426,15,NA,NA
2020-06-16,158961,5200,3235,86,NA,NA
2020-06-17,162798,5271,3837,71,NA,NA
2020-06-18,167086,5355,4288,84,NA,NA
2020-06-19,170862,5426,3776,71,NA,NA
2020-06-20,175213,5494,4351,68,NA,NA
2020-06-21,178546,5515,3333,21,NA,NA
2020-06-22,184765,5566,6219,51,NA,NA
2020-06-23,191477,5626,6712,60,NA,NA
2020-06-24,195925,5725,4448,99,NA,NA
2020-06-25,201112,5806,5187,81,NA,NA
2020-06-26,206844,5868,5732,62,NA,NA
2020-06-27,210584,5899,3740,31,NA,NA
2020-06-28,215296,5932,4712,33,NA,NA
2020-06-29,223646,5983,8350,51,NA,NA
2020-06-30,231232,6082,7586,99,NA,NA
2020-07-01,238681,6169,7449,87,NA,NA
2020-07-02,246550,6265,7869,96,NA,NA
2020-07-03,250514,6315,3964,50,NA,NA
2020-07-04,252895,6334,2381,19,NA,NA
2020-07-05,264681,6373,11786,39,NA,NA
2020-07-06,271035,6441,6354,68,NA,NA
2020-07-07,284012,6573,12977,132,NA,NA
2020-07-08,292560,6718,8548,145,NA,NA
2020-07-09,302484,6859,9924,141,NA,NA
2020-07-10,310885,6955,8401,96,NA,NA
2020-07-11,318761,7027,7876,72,NA,NA
2020-07-12,324543,7051,5782,24,NA,NA
2020-07-13,333357,7089,8814,38,NA,NA
2020-07-14,346211,7250,12854,161,NA,NA
2020-07-15,354885,7375,8674,125,NA,NA
2020-07-16,364706,7489,9821,114,NA,NA
2020-07-17,373259,7603,8553,114,NA,NA
2020-07-18,380745,7702,7486,99,NA,NA
2020-07-19,386906,7715,6161,13,NA,NA
2020-07-20,397870,7770,10964,55,NA,NA
2020-07-21,409305,7888,11435,118,NA,NA
2020-07-22,421286,8047,11981,159,NA,NA
2020-07-23,430773,8201,9487,154,NA,NA
2020-07-24,440185,8337,9412,136,NA,NA
2020-07-25,446452,8408,6267,71,NA,NA
2020-07-26,452288,8448,5836,40,NA,NA
2020-07-27,458121,8494,5833,46,NA,NA
2020-07-28,470762,8679,12641,185,NA,NA
2020-07-29,484913,8908,14151,229,NA,NA
2020-07-30,492934,9026,8021,118,NA,NA
2020-07-31,500556,9214,7622,188,NA,NA
2020-08-01,506613,9345,6057,131,NA,NA
2020-08-02,512175,9396,5562,51,NA,NA
2020-08-03,516851,9441,4676,45,NA,NA
2020-08-04,526685,9684,9834,243,NA,NA
2020-08-05,530606,9808,3921,124,NA,NA
2020-08-06,541339,10021,10733,213,NA,NA
2020-08-07,546814,10133,5475,112,NA,NA
2020-08-08,554388,10307,7574,174,NA,NA
2020-08-09,559746,10377,5358,70,NA,NA
2020-08-10,574231,10476,14485,99,NA,NA
2020-08-11,578946,10523,4715,47,NA,NA
2020-08-12,591376,10753,12430,230,NA,NA
2020-08-13,597984,10870,6608,117,NA,NA
2020-08-14,613101,11148,15117,278,NA,NA
2020-08-15,617994,11218,4893,70,NA,NA
2020-08-16,623873,11243,5879,25,NA,NA
2020-08-17,629415,11296,5542,53,NA,NA
2020-08-18,638140,11504,8725,208,NA,NA
2020-08-19,647274,11690,9134,186,NA,NA
2020-08-20,652267,11810,4993,120,NA,NA
2020-08-21,658900,11946,6633,136,NA,NA
2020-08-22,664435,12131,5535,185,NA,NA
2020-08-23,669280,12153,4845,22,NA,NA
2020-08-24,675561,12235,6281,82,NA,NA
2020-08-25,681032,12382,5471,147,NA,NA
2020-08-26,687004,12532,5972,150,NA,NA
2020-08-27,691821,12677,4817,145,NA,NA
2020-08-28,697385,12805,5564,128,NA,NA
2020-08-29,702038,12894,4653,89,NA,NA
2020-08-30,705951,12937,3913,43,NA,NA
2020-08-31,712475,13022,6524,85,NA,NA
2020-09-01,715617,13150,3142,128,NA,NA
2020-09-02,721281,13317,5664,167,NA,NA
2020-09-03,726018,13493,4737,176,NA,NA
2020-09-04,730662,13638,4644,145,NA,NA
2020-09-05,735314,13709,4652,71,NA,NA
2020-09-06,738856,13731,3542,22,NA,NA
2020-09-07,740965,13758,2109,27,NA,NA
2020-09-08,744344,13823,3379,65,NA,NA
2020-09-09,747290,13983,2946,160,NA,NA
2020-09-10,750961,14077,3671,94,NA,NA
2020-09-11,754905,14230,3944,153,NA,NA
2020-09-12,758933,14327,4028,97,NA,NA
2020-09-13,761728,14378,2795,51,NA,NA
2020-09-14,765134,14439,3406,61,NA,NA
2020-09-15,768204,14594,3070,155,NA,NA
2020-09-16,771321,14691,3117,97,NA,NA
2020-09-17,775037,14804,3716,113,NA,NA
2020-09-18,779491,14893,4454,89,NA,NA
2020-09-19,783313,15018,3822,125,NA,NA
2020-09-20,786168,15016,2855,-2,NA,NA
2020-09-21,790096,15056,3928,40,NA,NA
2020-09-22,793065,15189,2969,133,NA,NA
2020-09-23,796436,15291,3371,102,NA,NA
2020-09-24,799516,15393,3080,102,NA,NA
2020-09-25,803660,15516,4144,123,NA,NA
2020-09-26,807451,15583,3791,67,NA,NA
2020-09-27,809890,15606,2439,23,NA,NA
