"date","positive","death","positiveIncrease","deathIncrease","hospitalized","hospitalizedIncrease","hospitalizedCurrently"
2020-03-04,2,0,0,0,0,0,0
2020-03-05,2,0,0,0,0,0,0
2020-03-06,2,0,0,0,0,0,0
2020-03-07,2,0,0,0,0,0,0
2020-03-08,4,0,2,0,0,0,0
2020-03-09,4,0,0,0,0,0,0
2020-03-10,4,0,0,0,0,0,0
2020-03-11,4,0,0,0,0,0,0
2020-03-12,6,0,2,0,0,0,0
2020-03-13,6,0,0,0,0,0,0
2020-03-14,7,0,1,0,0,0,0
2020-03-15,13,0,6,0,0,0,0
2020-03-16,13,0,0,0,0,0,0
2020-03-17,17,0,4,0,0,0,0
2020-03-18,26,0,9,0,0,0,0
2020-03-19,39,0,13,0,0,0,0
2020-03-20,44,0,5,0,0,0,0
2020-03-21,55,0,11,0,0,0,0
2020-03-22,65,0,10,0,0,0,0
2020-03-23,78,0,13,0,0,0,0
2020-03-24,101,1,23,1,11,11,0
2020-03-25,108,1,7,0,13,2,0
2020-03-26,137,1,29,0,19,6,0
2020-03-27,158,1,21,0,25,6,0
2020-03-28,187,2,29,1,30,5,0
2020-03-29,214,2,27,0,33,3,0
2020-03-30,314,3,100,1,45,12,0
2020-03-31,314,3,0,0,45,0,0
2020-04-01,415,4,101,1,56,11,0
2020-04-02,415,4,0,0,58,2,0
2020-04-03,479,5,64,1,73,15,0
2020-04-04,540,7,61,2,80,7,0
2020-04-05,621,9,81,2,86,6,0
2020-04-06,669,9,48,0,92,6,0
2020-04-07,715,9,46,0,103,11,0
2020-04-08,788,18,73,9,118,15,0
2020-04-09,788,18,0,0,118,0,0
2020-04-10,819,21,31,3,124,6,0
2020-04-11,885,22,66,1,134,10,0
2020-04-12,929,23,44,1,146,12,0
2020-04-13,985,23,56,0,152,6,0
2020-04-14,1020,23,35,0,152,0,72
2020-04-15,1139,32,119,9,178,26,70
2020-04-16,1139,32,0,0,178,0,70
2020-04-17,1287,37,148,5,190,12,74
2020-04-18,1287,37,0,0,190,0,86
2020-04-19,1342,38,55,1,192,2,85
2020-04-20,1392,41,50,3,198,6,79
2020-04-21,1491,42,99,1,206,8,78
2020-04-22,1491,42,0,0,206,0,94
2020-04-23,1588,48,97,6,213,7,91
2020-04-24,1670,51,82,3,218,5,92
2020-04-25,1720,53,50,2,224,6,89
2020-04-26,1787,60,67,7,238,14,95
2020-04-27,1864,60,77,0,242,4,101
2020-04-28,1938,60,74,0,246,4,99
2020-04-29,2010,60,72,0,249,3,106
2020-04-30,2054,66,44,6,259,10,107
2020-05-01,2146,72,92,6,262,3,112
2020-05-02,2310,81,164,9,270,8,103
2020-05-03,2429,84,119,3,277,7,103
2020-05-04,2588,86,159,2,286,9,103
2020-05-05,2588,86,0,0,286,0,111
2020-05-06,2636,92,48,6,295,9,115
2020-05-07,2740,111,104,19,307,12,113
2020-05-08,2843,114,103,3,308,1,113
2020-05-09,2947,121,104,7,309,1,112
2020-05-10,3011,131,64,10,313,4,107
2020-05-11,3160,133,149,2,318,5,113
2020-05-12,3160,133,0,0,318,0,117
2020-05-13,3239,142,79,9,319,1,121
2020-05-14,3299,150,60,8,326,7,126
2020-05-15,3464,159,165,9,335,9,115
2020-05-16,3464,159,0,0,335,0,110
2020-05-17,3556,171,92,12,347,12,115
2020-05-18,3596,172,40,1,359,12,114
2020-05-19,3652,172,56,0,368,9,109
2020-05-20,3721,182,69,10,383,15,105
2020-05-21,3868,190,147,8,385,2,103
2020-05-22,3935,199,67,9,393,8,97
2020-05-23,4089,208,154,9,419,26,93
2020-05-24,4089,208,0,0,419,0,93
2020-05-25,4149,209,60,1,419,0,92
2020-05-26,4197,210,48,1,420,1,91
2020-05-27,4231,214,34,4,421,1,91
2020-05-28,4286,223,55,9,426,5,105
2020-05-29,4386,232,100,9,438,12,110
2020-05-30,4492,238,106,6,440,2,105
2020-05-31,4545,242,53,4,449,9,107
2020-06-01,4651,245,106,3,451,2,96
2020-06-02,4685,245,34,0,456,5,98
2020-06-03,4749,256,64,11,462,6,97
2020-06-04,4795,265,46,9,468,6,88
2020-06-05,4876,273,81,8,472,4,86
2020-06-06,5019,283,143,10,487,15,84
2020-06-07,5019,283,0,0,487,0,84
2020-06-08,5043,286,24,3,489,2,86
2020-06-09,5079,286,36,0,492,3,78
2020-06-10,5132,294,53,8,496,4,80
2020-06-11,5178,301,46,7,500,4,81
2020-06-12,5209,308,31,7,504,4,73
2020-06-13,5251,315,42,7,503,-1,76
2020-06-14,5299,318,48,3,513,10,70
2020-06-15,5345,320,46,2,519,6,69
2020-06-16,5345,320,0,0,519,0,69
2020-06-17,5364,326,19,6,521,2,62
2020-06-18,5436,330,72,4,531,10,56
2020-06-19,5450,331,14,1,533,2,56
2020-06-20,5486,337,36,6,549,16,61
2020-06-21,5518,339,32,2,551,2,55
2020-06-22,5544,339,26,0,553,2,55
2020-06-23,5558,339,14,0,558,5,54
2020-06-24,5571,343,13,4,558,0,51
2020-06-25,5598,347,27,4,558,0,49
2020-06-26,5671,365,73,18,561,3,32
2020-06-27,5671,365,0,0,561,0,32
2020-06-28,5717,367,46,2,562,1,35
2020-06-29,5760,367,43,0,565,3,34
2020-06-30,5760,367,0,0,565,0,34
2020-07-01,5782,371,22,4,565,0,37
2020-07-02,5802,373,20,2,565,0,32
2020-07-03,5822,375,20,2,567,2,31
2020-07-04,5857,376,35,1,569,2,25
2020-07-05,5857,376,0,0,569,0,25
2020-07-06,5897,381,40,5,570,1,25
2020-07-07,5914,382,17,1,574,4,25
2020-07-08,5932,384,18,2,577,3,24
2020-07-09,5952,386,20,2,578,1,22
2020-07-10,5973,387,21,1,581,3,24
2020-07-11,5991,390,18,3,585,4,20
2020-07-12,6024,391,33,1,589,4,22
2020-07-13,6054,391,30,0,589,0,22
2020-07-14,6068,391,14,0,589,0,24
2020-07-15,6091,392,23,1,665,76,23
2020-07-16,6113,394,22,2,668,3,24
2020-07-17,6165,395,52,1,670,2,24
2020-07-18,6165,395,0,0,670,0,24
2020-07-19,6203,398,38,3,673,3,17
2020-07-20,6203,398,0,0,673,0,17
2020-07-21,6249,398,46,0,673,0,20
2020-07-22,6262,400,13,2,677,4,23
2020-07-23,6295,402,33,2,680,3,24
2020-07-24,6318,405,23,3,681,1,26
2020-07-25,6415,409,97,4,686,5,27
2020-07-26,6436,409,21,0,688,2,20
2020-07-27,6436,409,0,0,688,0,20
2020-07-28,6500,409,64,0,690,2,21
2020-07-29,6500,409,0,0,690,0,21
2020-07-30,6513,411,13,2,690,0,22
2020-07-31,6544,415,31,4,692,2,21
2020-08-01,6613,416,69,1,695,3,22
2020-08-02,6613,416,0,0,695,0,22
2020-08-03,6634,417,21,1,696,1,24
2020-08-04,6660,417,26,0,697,1,23
2020-08-05,6693,418,33,1,698,1,23
2020-08-06,6719,418,26,0,698,0,20
2020-08-07,6742,419,23,1,699,1,21
2020-08-08,6818,419,76,0,700,1,24
2020-08-09,6831,419,13,0,701,1,23
2020-08-10,6840,419,9,0,704,3,20
2020-08-11,6861,419,21,0,705,1,21
2020-08-12,6887,420,26,1,705,0,18
2020-08-13,6921,422,34,2,705,0,15
2020-08-14,6921,422,0,0,705,0,15
2020-08-15,6980,423,59,1,706,1,15
2020-08-16,6988,423,8,0,708,2,13
2020-08-17,7004,423,16,0,709,1,15
2020-08-18,7017,424,13,1,712,3,12
2020-08-19,7036,427,19,3,712,0,12
2020-08-20,7050,428,14,1,710,-2,11
2020-08-21,7050,428,0,0,710,0,11
2020-08-22,7092,429,42,1,710,0,14
2020-08-23,7107,429,15,0,711,1,12
2020-08-24,7134,429,27,0,712,1,11
2020-08-25,7150,429,16,0,713,1,8
2020-08-26,7159,430,9,1,713,0,8
2020-08-27,7194,431,35,1,713,0,9
2020-08-28,7216,432,22,1,713,0,8
2020-08-29,7246,432,30,0,714,1,7
2020-08-30,7254,432,8,0,714,0,6
2020-08-31,7275,432,21,0,714,0,6
2020-09-01,7297,432,22,0,715,1,8
2020-09-02,7297,432,0,0,715,0,8
2020-09-03,7347,432,50,0,715,0,10
2020-09-04,7368,432,21,0,716,1,9
2020-09-05,7424,432,56,0,717,1,9
2020-09-06,7447,433,23,1,718,1,10
2020-09-07,7476,433,29,0,718,0,7
2020-09-08,7494,433,18,0,718,0,7
2020-09-09,7494,433,0,0,718,0,7
2020-09-10,7573,434,79,1,719,1,7
2020-09-11,7620,434,47,0,720,1,7
2020-09-12,7652,435,32,1,721,1,6
2020-09-13,7696,436,44,1,721,0,7
2020-09-14,7714,436,18,0,721,0,7
2020-09-15,7748,438,34,2,722,1,9
2020-09-16,7780,438,32,0,723,1,8
2020-09-17,7814,438,34,0,725,2,7
2020-09-18,7861,438,47,0,725,0,7
2020-09-19,7920,438,59,0,725,0,8
2020-09-20,7947,438,27,0,725,0,10
2020-09-21,7952,438,5,0,726,1,11
2020-09-22,7990,438,38,0,727,1,11
2020-09-23,8007,438,17,0,728,1,17
2020-09-24,8044,438,37,0,732,4,16
2020-09-25,8044,438,0,0,732,0,16
2020-09-26,8121,439,77,1,734,2,18
2020-09-27,8121,439,0,0,734,0,18
