"date","positive","death","positiveIncrease","deathIncrease","hospitalized","hospitalizedIncrease"
2020-04-13,195749,10058,6716,673,42712,118
2020-04-14,203020,10842,7271,784,46201,3489
2020-04-15,214454,11617,11434,775,46201,0
2020-04-16,223691,14832,9237,3215,50450,4249
2020-04-17,230597,17131,6906,2299,52424,1974
2020-04-18,241712,17671,11115,540,54339,1915
2020-04-19,247815,18298,6103,627,55723,1384
2020-04-20,253060,18611,5245,313,57103,1380
2020-04-21,258361,19104,5301,493,57103,0
2020-04-22,263292,19413,4931,309,57103,0
2020-04-23,263460,20973,168,1560,57103,0
2020-04-24,271590,21411,8130,438,57103,0
2020-04-25,282143,22009,10553,598,57103,0
2020-04-26,288045,22269,5902,260,57103,0
2020-04-27,291996,22668,3951,399,57103,0
2020-04-28,295106,22912,3110,244,64275,7172
2020-04-29,299691,23477,4585,565,65397,1122
2020-04-30,304372,23587,4681,110,66369,972
2020-05-01,308314,24039,3942,452,67180,811
2020-05-02,312977,24198,4663,159,67890,710
2020-05-03,316415,24708,3438,510,68736,846
2020-05-04,318953,24999,2538,291,69331,595
2020-05-05,321192,25124,2239,125,69867,536
2020-05-06,323978,25623,2786,499,70539,672
2020-05-07,327469,26144,3491,521,71152,613
2020-05-08,330407,26243,2938,99,71679,527
2020-05-09,333122,26612,2715,369,72255,576
2020-05-10,335395,26641,2273,29,72715,460
2020-05-11,337055,26988,1660,347,73143,428
2020-05-12,338485,27284,1430,296,73143,0
2020-05-13,340661,27477,2176,193,73963,820
2020-05-14,343051,27641,2390,164,74433,470
2020-05-15,345813,27878,2762,237,74751,318
2020-05-16,348232,28049,2419,171,75163,412
2020-05-17,350121,28232,1889,183,75525,362
2020-05-18,351371,28339,1250,107,75870,345
2020-05-19,352845,28558,1474,219,76168,298
2020-05-20,354370,28636,1525,78,76410,242
2020-05-21,356458,28743,2088,107,76608,198
2020-05-22,358154,28853,1696,110,76843,235
2020-05-23,359926,29031,1772,178,77034,191
2020-05-24,361515,29141,1589,110,77295,261
2020-05-25,362764,29229,1249,88,77525,230
2020-05-26,363836,29302,1072,73,77637,112
2020-05-27,364965,29484,1129,182,77838,201
2020-05-28,366733,29529,1768,45,78043,205
2020-05-29,368284,29646,1551,117,89194,11151
2020-05-30,369660,29710,1376,64,89400,206
2020-05-31,370770,29784,1110,74,89590,190
2020-06-01,371711,29917,941,133,89703,113
2020-06-02,373040,29968,1329,51,89861,158
2020-06-03,374085,30019,1045,51,89995,134
2020-06-04,375133,30174,1048,155,89995,0
2020-06-05,376208,30236,1075,62,89995,0
2020-06-06,377316,30280,1108,44,89995,0
2020-06-07,378097,30374,781,94,89995,0
2020-06-08,378799,30417,702,43,89995,0
2020-06-09,379482,30458,683,41,89995,0
2020-06-10,380156,30542,674,84,89995,0
2020-06-11,380892,30580,736,38,89995,0
2020-06-12,381714,30758,822,178,89995,0
2020-06-13,382630,30795,916,37,89995,0
2020-06-14,383324,30825,694,30,89995,0
2020-06-15,383944,30856,620,31,89995,0
2020-06-16,384575,30909,631,53,89995,0
2020-06-17,385142,30939,567,30,89995,0
2020-06-18,385760,30974,618,35,89995,0
2020-06-19,386556,31015,796,41,89995,0
2020-06-20,387272,31083,716,68,89995,0
2020-06-21,387936,31125,664,42,89995,0
2020-06-22,388488,31176,552,51,89995,0
2020-06-23,389085,31232,597,56,89995,0
2020-06-24,389666,31257,581,25,89995,0
2020-06-25,390415,31301,749,44,89995,0
2020-06-26,391220,31342,805,41,89995,0
2020-06-27,391923,31368,703,26,89995,0
2020-06-28,392539,31397,616,29,89995,0
2020-06-29,393403,31403,864,6,89995,0
2020-06-30,393454,32032,51,629,89995,0
2020-07-01,394079,32043,625,11,89995,0
2020-07-02,394954,32064,875,21,89995,0
2020-07-03,395872,32137,918,73,89995,0
2020-07-04,396598,32157,726,20,89995,0
2020-07-05,397131,32206,533,49,89995,0
2020-07-06,397649,32219,518,13,89995,0
2020-07-07,398237,32243,588,24,89995,0
2020-07-08,398929,32251,692,8,89995,0
2020-07-09,399513,32283,584,32,89995,0
2020-07-10,400299,32331,786,48,89995,0
2020-07-11,401029,32343,730,12,89995,0
2020-07-12,401706,32350,677,7,89995,0
2020-07-13,402263,32395,557,45,89995,0
2020-07-14,403175,32408,912,13,89995,0
2020-07-15,404006,32427,831,19,89995,0
2020-07-16,404775,32446,769,19,89995,0
2020-07-17,405551,32463,776,17,89995,0
2020-07-18,406305,32478,754,15,89995,0
2020-07-19,406807,32495,502,17,89995,0
2020-07-20,407326,32506,519,11,89995,0
2020-07-21,408181,32520,855,14,89995,0
2020-07-22,408886,32558,705,38,89995,0
2020-07-23,409697,32594,811,36,89995,0
2020-07-24,410450,32596,753,2,89995,0
2020-07-25,411200,32608,750,12,89995,0
2020-07-26,411736,32630,536,22,89995,0
2020-07-27,412344,32645,608,15,89995,0
2020-07-28,412878,32653,534,8,89995,0
2020-07-29,413593,32658,715,5,89995,0
2020-07-30,414370,32683,777,25,89995,0
2020-07-31,415014,32689,644,6,89995,0
2020-08-01,415767,32694,753,5,89995,0
2020-08-02,416298,32710,531,16,89995,0
2020-08-03,416843,32719,545,9,89995,0
2020-08-04,417589,32725,746,6,89995,0
2020-08-05,418225,32754,636,29,89995,0
2020-08-06,418928,32756,703,2,89995,0
2020-08-07,419642,32760,714,4,89995,0
2020-08-08,420345,32768,703,8,89995,0
2020-08-09,420860,32774,515,6,89995,0
2020-08-10,421336,32781,476,7,89995,0
2020-08-11,422003,32787,667,6,89995,0
2020-08-12,422703,32797,700,10,89995,0
2020-08-13,423440,32805,737,8,89995,0
2020-08-14,424167,32827,727,22,89995,0
2020-08-15,424901,32833,734,6,89995,0
2020-08-16,425508,32840,607,7,89995,0
2020-08-17,425916,32846,408,6,89995,0
2020-08-18,426571,32857,655,11,89995,0
2020-08-19,427202,32865,631,8,89995,0
2020-08-20,427803,32861,601,-4,89995,0
2020-08-21,428512,32864,709,3,89995,0
2020-08-22,429165,32871,653,7,89995,0
2020-08-23,429737,32883,572,12,89995,0
2020-08-24,430145,32887,408,4,89995,0
2020-08-25,430774,32918,629,31,89995,0
2020-08-26,431340,32921,566,3,89995,0
2020-08-27,432131,32926,791,5,89995,0
2020-08-28,432767,32934,636,8,0,0
2020-08-29,433402,32938,635,4,0,0
2020-08-30,434100,32951,698,13,0,0
2020-08-31,437154,32957,3054,6,0,0
2020-09-01,437757,32966,603,9,0,0
2020-09-02,438405,32972,648,6,0,0
2020-09-03,439322,32976,917,4,0,0
2020-09-04,440192,32982,870,6,0,0
2020-09-05,441012,32987,820,5,0,0
2020-09-06,441748,32987,736,0,0,0
2020-09-07,442315,33002,567,15,0,0
2020-09-08,442817,33016,502,14,0,0
2020-09-09,443409,33019,592,3,0,0
2020-09-10,444071,33019,662,0,0,0
2020-09-11,445102,33019,1031,0,0,0
2020-09-12,446028,33023,926,4,0,0
2020-09-13,446862,33023,834,0,0,0
2020-09-14,447524,33030,662,7,0,0
2020-09-15,448213,33038,689,8,0,0
2020-09-16,448897,33042,684,4,0,0
2020-09-17,449922,33070,1025,28,0,0
2020-09-18,450753,33085,831,15,0,0
2020-09-19,451655,33081,902,-4,0,0
2020-09-20,452507,33087,852,6,0,0
2020-09-21,453142,33159,635,72,0,0
2020-09-22,453730,33263,588,104,0,0
2020-09-23,454299,33264,569,1,0,0
2020-09-24,455400,33269,1101,5,0,0
2020-09-25,456400,33283,1000,14,0,0
2020-09-26,457573,33286,1173,3,0,0
2020-09-27,458605,33293,1032,7,0,0
2020-09-28,459574,33302,969,9,0,0
2020-09-29,460553,33310,979,8,0,0
2020-09-30,461537,33324,984,14,0,0
2020-10-01,462861,33332,1324,8,0,0
2020-10-02,464620,33372,1759,40,0,0
2020-10-03,466307,33375,1687,3,0,0
2020-10-04,467693,33389,1386,14,0,0
2020-10-05,468840,33402,1147,13,0,0
2020-10-06,469989,33409,1149,7,0,0
2020-10-07,471207,33421,1218,12,0,0
2020-10-08,473285,33429,2078,8,0,0
2020-10-09,474894,33461,1609,32,0,0
2020-10-10,476397,33466,1503,5,0,0
2020-10-11,477671,33469,1274,3,0,0
2020-10-12,478925,33482,1254,13,0,0
2020-10-13,480129,33490,1204,8,0,0
2020-10-14,481227,33500,1098,10,0,0
2020-10-15,482765,33524,1538,24,0,0
2020-10-16,484512,33533,1747,9,0,0
2020-10-17,486207,33547,1695,14,0,0
2020-10-18,487719,33559,1512,12,0,0
2020-10-19,488928,33575,1209,16,0,0
2020-10-20,490166,33582,1238,7,0,0
2020-10-21,491882,33589,1716,7,0,0
2020-10-22,493774,33614,1892,25,0,0
2020-10-23,495608,33625,1834,11,0,0
2020-10-24,497732,33634,2124,9,0,0
2020-10-25,499652,33642,1920,8,0,0
2020-10-26,501197,33650,1545,8,0,0
2020-10-27,502978,33666,1781,16,0,0
2020-10-28,504689,33675,1711,9,0,0
2020-10-29,507040,33694,2351,19,0,0
2020-10-30,509368,33724,2328,30,0,0
2020-10-31,511761,33730,2393,6,0,0
2020-11-01,513883,33752,2122,22,0,0
2020-11-02,515753,33763,1870,11,0,0
2020-11-03,517822,33773,2069,10,0,0
2020-11-04,519890,33793,2068,20,0,0
2020-11-05,523107,33857,3217,64,0,0
2020-11-06,526318,33872,3211,15,0,0
2020-11-07,530218,33884,3900,12,0,0
2020-11-08,533797,33903,3579,19,0,0
2020-11-09,537243,33923,3446,20,0,0
2020-11-10,541200,33939,3957,16,0,0
2020-11-11,545453,33961,4253,22,0,0
2020-11-12,550678,33975,5225,14,0,0
2020-11-13,556344,33993,5666,18,0,0
2020-11-14,561921,34010,5577,17,0,0
2020-11-15,566113,34032,4192,22,0,0
2020-11-16,570323,34054,4210,22,0,0
2020-11-17,574935,34156,4612,102,0,0
2020-11-18,579811,34187,4876,31,0,0
2020-11-19,585635,34215,5824,28,0,0
2020-11-20,591368,34252,5733,37,0,0
2020-11-21,597680,34296,6312,44,0,0
2020-11-22,603360,34319,5680,23,0,0
2020-11-23,609797,34345,6437,26,0,0
2020-11-24,614679,34368,4882,23,0,0
2020-11-25,620712,34396,6033,28,0,0
2020-11-26,628024,34451,7312,55,0,0
2020-11-27,636302,34489,8278,38,0,0
2020-11-28,643163,34526,6861,37,0,0
2020-11-29,648641,34573,5478,47,0,0
2020-11-30,656413,34625,7772,52,0,0
2020-12-01,663500,34686,7087,61,0,0
2020-12-02,671635,34745,8135,59,0,0
2020-12-03,681783,34812,10148,67,0,0
2020-12-04,693629,34869,11846,57,0,0
2020-12-05,704683,34939,11054,70,0,0
2020-12-06,714834,34997,10151,58,0,0
2020-12-07,723287,35080,8453,83,0,0
2020-12-08,731722,35170,8435,90,0,0
2020-12-09,740980,35236,9258,66,0,0
2020-12-10,752104,35323,11124,87,0,0
2020-12-11,763228,35420,11124,97,0,0
2020-12-12,774228,35504,11000,84,0,0
2020-12-13,784815,35620,10587,116,0,0
2020-12-14,794953,35702,10138,82,0,0
2020-12-15,803917,35831,8964,129,0,0
2020-12-16,813336,35941,9419,110,0,0
2020-12-17,825059,36067,11723,126,0,0
2020-12-18,837711,36199,12652,132,0,0
2020-12-19,847778,36318,10067,119,0,0
2020-12-20,857083,36431,9305,113,0,0
2020-12-21,866888,36568,9805,137,0,0
2020-12-22,876281,36724,9393,156,0,0
2020-12-23,886813,36876,10532,152,0,0
2020-12-24,899837,37028,13024,152,0,0
2020-12-25,912885,37158,13048,130,0,0
2020-12-26,924014,37286,11129,128,0,0
2020-12-27,932022,37411,8008,125,0,0
2020-12-28,940290,37548,8268,137,0,0
2020-12-29,950473,37687,10183,139,0,0
2020-12-30,963390,37840,12917,153,0,0
2020-12-31,978783,37983,15393,143,0,0
2021-01-01,995816,38155,17033,172,0,0
2021-01-02,1011665,38273,15849,118,0,0
2021-01-03,1023897,38415,12232,142,0,0
2021-01-04,1035139,38599,11242,184,0,0
2021-01-05,1048281,38743,13142,144,0,0
2021-01-06,1064297,38912,16016,169,0,0
2021-01-07,1081885,39118,17588,206,0,0
2021-01-08,1101445,39282,19560,164,0,0
2021-01-09,1119284,39471,17839,189,0,0
2021-01-10,1135592,39632,16308,161,0,0
2021-01-11,1149771,39834,14179,202,0,0
2021-01-12,1164562,40020,14791,186,0,0
2021-01-13,1179266,40192,14704,172,0,0
2021-01-14,1193453,40435,14187,243,0,0
2021-01-15,1212922,40637,19469,202,0,0
2021-01-16,1228867,40806,15945,169,0,0
2021-01-17,1242561,40993,13694,187,0,0
2021-01-18,1255971,41173,13410,180,0,0
2021-01-19,1268692,41368,12721,195,0,0
2021-01-20,1279811,41587,11119,219,0,0
2021-01-21,1293719,41787,13908,200,0,0
2021-01-22,1309403,41974,15684,187,0,0
2021-01-23,1323312,42134,13909,160,0,0
2021-01-24,1335695,42325,12383,191,0,0
2021-01-25,1347667,42544,11972,219,0,0
2021-01-26,1358707,42726,11040,182,0,0
2021-01-27,1369072,42887,10365,161,0,0
2021-01-28,1382855,43093,13783,206,0,0
2021-01-29,1395806,43278,12951,185,0,0
2021-01-30,1408698,43453,12892,175,0,0
2021-01-31,1419907,43634,11209,181,0,0
2021-02-01,1428839,43805,8932,171,0,0
2021-02-02,1436788,43982,7949,177,0,0
2021-02-03,1443942,44148,7154,166,0,0
2021-02-04,1450912,44298,6970,150,0,0
2021-02-05,1458809,44466,7897,168,0,0
2021-02-06,1470301,44664,11492,198,0,0
2021-02-07,1480224,44839,9923,175,0,0
2021-02-08,1489196,44969,8972,130,0,0
2021-02-09,1497475,45140,8279,171,0,0
2021-02-10,1504059,45312,6584,172,0,0
2021-02-11,1514070,45453,10011,141,0,0
2021-02-12,1522785,45597,8715,144,0,0
2021-02-13,1531540,45751,8755,154,0,0
2021-02-14,1539870,45884,8330,133,0,0
2021-02-15,1546408,46000,6538,116,0,0
2021-02-16,1553117,46141,6709,141,0,0
2021-02-17,1559042,46267,5925,126,0,0
2021-02-18,1568624,46436,9582,169,0,0
2021-02-19,1577197,46593,8573,157,0,0
2021-02-20,1585435,46703,8238,110,0,0
2021-02-21,1591672,46812,6237,109,0,0
2021-02-22,1597969,46924,6297,112,0,0
2021-02-23,1604892,47037,6923,113,0,0
2021-02-24,1611031,47156,6139,119,0,0
2021-02-25,1619924,47264,8893,108,0,0
2021-02-26,1627998,47389,8074,125,0,0
2021-02-27,1636040,47498,8042,109,0,0
2021-02-28,1643867,47615,7827,117,0,0
2021-03-01,1650303,47719,6436,104,0,0
2021-03-02,1656684,47818,6381,99,0,0
2021-03-03,1663248,47935,6564,117,0,0
2021-03-04,1670716,48049,7468,114,0,0
2021-03-05,1678867,48153,8151,104,0,0
2021-03-06,1686993,48247,8126,94,0,0
2021-03-07,1694651,48335,7658,88,0,0
2021-03-08,1700091,48401,5440,66,0,0
2021-03-09,1706924,48481,6833,80,0,0
2021-03-10,1713030,48573,6106,92,0,0
2021-03-11,1720199,48690,7169,117,0,0
2021-03-12,1724425,48757,4226,67,0,0
2021-03-13,1734676,48850,10251,93,0,0
2021-03-14,1741363,48953,6687,103,0,0
2021-03-15,1748482,49016,7119,63,0,0
2021-03-16,1755193,49110,6711,94,0,0
2021-03-17,1761775,49171,6582,61,0,0
2021-03-18,1767290,49262,5515,91,0,0
2021-03-19,1772367,49335,5077,73,0,0
2021-03-20,1779034,49401,6667,66,0,0
2021-03-21,1782769,49426,3735,25,0,0
2021-03-22,1785565,49444,2796,18,0,0
2021-03-23,1788874,49462,3309,18,0,0
2021-03-24,1816518,49717,27644,255,0,0
2021-03-25,1825069,49790,8551,73,0,0
2021-03-26,1833128,49848,8059,58,0,0
2021-03-27,1841822,49928,8694,80,0,0
2021-03-28,1850732,50017,8910,89,0,0
2021-03-29,1859474,50158,8742,141,0,0
2021-03-30,1865349,50212,5875,54,0,0
2021-03-31,1873138,50299,7789,87,0,0
2021-04-01,1882308,50375,9170,76,0,0
2021-04-02,1890346,50458,8038,83,0,0
2021-04-03,1898101,50551,7755,93,0,0
2021-04-04,1905737,50633,7636,82,0,0
2021-04-05,1912396,50706,6659,73,0,0
2021-04-06,1918437,50751,6041,45,0,0
2021-04-07,1925080,50843,6643,92,0,0
2021-04-08,1933807,50898,8727,55,0,0
2021-04-09,1942469,50977,8662,79,0,0
2021-04-10,1949964,51036,7495,59,0,0
2021-04-11,1956594,51117,6630,81,0,0
2021-04-12,1962225,51204,5631,87,0,0
2021-04-13,1967248,51258,5023,54,0,0
2021-04-14,1973308,51350,6060,92,0,0
2021-04-15,1980337,51418,7029,68,0,0
2021-04-16,1986681,51470,6344,52,0,0
2021-04-17,1993271,51537,6590,67,0,0
2021-04-18,1998912,51579,5641,42,0,0
2021-04-19,2003938,51627,5026,48,0,0
2021-04-20,2008514,51689,4576,62,0,0
2021-04-21,2012806,51732,4292,43,0,0
2021-04-22,2018044,51830,5238,98,0,0
2021-04-23,2022891,51892,4847,62,0,0
2021-04-24,2027029,51951,4138,59,0,0
2021-04-25,2031093,52003,4064,52,0,0
2021-04-26,2034102,52042,3009,39,0,0
2021-04-27,2037414,52117,3312,75,0,0
2021-04-28,2040448,52140,3034,23,0,0
2021-04-29,2044345,52209,3897,69,0,0
2021-04-30,2048150,52258,3805,49,0,0
2021-05-01,2052022,52309,3872,51,0,0
2021-05-02,2054848,52358,2826,49,0,0
2021-05-03,2057276,52423,2428,65,0,0
2021-05-04,2059485,52483,2209,60,0,0
2021-05-05,2061887,52538,2402,55,0,0
2021-05-06,2064530,52572,2643,34,0,0
2021-05-07,2066989,52611,2459,39,0,0
2021-05-08,2070053,52653,3064,42,0,0
2021-05-09,2072426,52688,2373,35,0,0
2021-05-10,2074079,52729,1653,41,0,0
2021-05-11,2075539,52770,1460,41,0,0
2021-05-12,2077563,52825,2024,55,0,0
2021-05-13,2079749,52866,2186,41,0,0
2021-05-14,2081823,52903,2074,37,0,0
2021-05-15,2083623,52914,1800,11,0,0
2021-05-16,2085477,52953,1854,39,0,0
2021-05-17,2086836,52989,1359,36,0,0
2021-05-18,2088361,53020,1525,31,0,0
2021-05-19,2089698,53044,1337,24,0,0
2021-05-20,2091342,53070,1644,26,0,0
2021-05-21,2092916,53095,1574,25,0,0
2021-05-22,2094245,53112,1329,17,0,0
2021-05-23,2095319,53131,1074,19,0,0
