"date","positive","death","positiveIncrease","deathIncrease","hospitalized","hospitalizedIncrease"
2020-04-13,2018,113,55,16,667,208
2020-04-14,2048,106,30,-7,673,6
2020-04-15,2210,115,162,9,687,14
2020-04-16,2435,129,225,14,807,120
2020-04-17,2522,137,87,8,971,164
2020-04-18,2707,144,185,7,1008,37
2020-04-19,2960,146,253,2,1059,51
2020-04-20,3050,154,90,8,1059,0
2020-04-21,3204,171,154,17,1059,0
2020-04-22,3378,185,174,14,1076,17
2020-04-23,3479,191,101,6,1105,29
2020-04-24,3779,200,300,9,1143,38
2020-04-25,3915,205,136,5,1143,0
2020-04-26,4085,208,170,3,1266,123
2020-04-27,4156,213,71,5,1274,8
2020-04-28,4375,225,219,12,1281,7
2020-04-29,4537,234,162,9,1331,50
2020-04-30,4708,240,171,6,1359,28
2020-05-01,4882,246,174,6,1375,16
2020-05-02,4879,248,-3,2,1411,36
2020-05-03,5130,253,251,5,1411,0
2020-05-04,5245,261,115,8,1519,108
2020-05-05,5822,275,577,14,1529,10
2020-05-06,5934,283,112,8,1603,74
2020-05-07,6129,294,195,11,1616,13
2020-05-08,6288,298,159,4,1684,68
2020-05-09,6440,304,152,6,1696,12
2020-05-10,6440,304,0,0,1757,61
2020-05-11,6677,311,237,7,1757,0
2020-05-12,6853,321,176,10,1767,10
2020-05-13,6853,321,0,0,1825,58
2020-05-14,7225,328,372,7,1835,10
2020-05-15,7444,332,219,4,1887,52
2020-05-16,7688,334,244,2,1896,9
2020-05-17,7688,334,0,0,1896,0
2020-05-18,7935,346,247,12,1896,0
2020-05-19,8069,366,134,20,1980,84
2020-05-20,8167,376,98,10,2010,30
2020-05-21,8286,386,119,10,2016,6
2020-05-22,8426,391,140,5,2041,25
2020-05-23,8571,391,145,0,2076,35
2020-05-24,8571,391,0,0,2131,55
2020-05-25,8571,391,0,0,2131,0
2020-05-26,8951,394,380,3,2131,0
2020-05-27,9077,400,126,6,2136,5
2020-05-28,9185,409,108,9,2142,6
2020-05-29,9464,418,279,9,2180,38
2020-05-30,9704,431,240,13,2266,86
2020-05-31,9704,431,0,0,2272,6
2020-06-01,10046,439,342,8,2274,2
2020-06-02,10185,442,139,3,2307,33
2020-06-03,10410,450,225,8,2317,10
2020-06-04,10705,458,295,8,2332,15
2020-06-05,10977,466,272,8,2345,13
2020-06-06,11287,470,310,4,2361,16
2020-06-07,11287,470,0,0,2361,0
2020-06-08,11476,472,189,2,2368,7
2020-06-09,11707,477,231,5,2386,18
2020-06-10,11883,484,176,7,2396,10
2020-06-11,11945,493,62,9,2406,10
2020-06-12,12166,497,221,4,2406,0
2020-06-13,12445,499,279,2,2433,27
2020-06-14,12445,499,0,0,2433,0
2020-06-15,12647,505,202,6,2433,0
2020-06-16,12647,505,0,0,2436,3
2020-06-17,12995,518,348,13,2455,19
2020-06-18,13197,520,202,2,2482,27
2020-06-19,13454,522,257,2,2494,12
2020-06-20,13630,524,176,2,2522,28
2020-06-21,13750,526,120,2,2522,0
2020-06-22,13839,526,89,0,2532,10
2020-06-23,14141,537,302,11,2556,24
2020-06-24,14363,538,222,1,2574,18
2020-06-25,14617,546,254,8,2584,10
2020-06-26,14859,553,242,7,2589,5
2020-06-27,15167,554,308,1,2589,0
2020-06-28,15232,558,65,4,2590,1
2020-06-29,15347,560,115,2,2602,12
2020-06-30,15624,565,277,5,2621,19
2020-07-01,15842,572,218,7,2635,14
2020-07-02,16079,581,237,9,2662,27
2020-07-03,16376,585,297,4,2685,23
2020-07-04,16376,585,0,0,2685,0
2020-07-05,16376,585,0,0,2685,0
2020-07-06,17152,593,776,8,2699,14
2020-07-07,17519,602,367,9,2708,9
2020-07-08,17919,608,400,6,2737,29
2020-07-09,18245,612,326,4,2747,10
2020-07-10,18672,620,427,8,2763,16
2020-07-11,19121,622,449,2,2779,16
2020-07-12,19389,625,268,3,2779,0
2020-07-13,19653,629,264,4,2791,12
2020-07-14,20223,635,570,6,2802,11
2020-07-15,20677,645,454,10,2823,21
2020-07-16,21083,650,406,5,2842,19
2020-07-17,21605,658,522,8,2864,22
2020-07-18,22184,667,579,9,2875,11
2020-07-19,23161,670,977,3,2875,0
2020-07-20,23414,671,253,1,2882,7
2020-07-21,24060,674,646,3,2900,18
2020-07-22,24540,677,480,3,2914,14
2020-07-23,25147,684,607,7,2921,7
2020-07-24,25932,691,785,7,3248,327
2020-07-25,26764,696,832,5,3266,18
2020-07-26,27082,700,318,4,3266,0
2020-07-27,27586,709,504,9,3276,10
2020-07-28,28111,719,525,10,3279,3
2020-07-29,28727,724,616,5,3281,2
2020-07-30,29386,731,659,7,3304,23
2020-07-31,30151,735,765,4,3314,10
2020-08-01,30723,740,572,5,3782,468
2020-08-02,31185,742,462,2,3782,0
2020-08-03,31508,744,323,2,3815,33
2020-08-04,32197,751,689,7,3851,36
2020-08-05,32741,752,544,1,3903,52
2020-08-06,33254,760,513,8,3924,21
2020-08-07,33796,764,542,4,3975,51
2020-08-08,34578,772,782,8,4002,27
2020-08-09,34982,773,404,1,4002,0
2020-08-10,35254,775,272,2,4024,22
2020-08-11,35793,783,539,8,4063,39
2020-08-12,36945,790,1152,7,4091,28
2020-08-13,37686,796,741,6,4116,25
2020-08-14,38298,804,612,8,4158,42
2020-08-15,38930,810,632,6,4193,35
2020-08-16,38930,810,0,0,4193,0
2020-08-17,39691,818,761,8,4215,22
2020-08-18,40299,830,608,12,4252,37
2020-08-19,40926,842,627,12,4301,49
2020-08-20,41626,856,700,14,4349,48
2020-08-21,42265,864,639,8,4362,13
2020-08-22,43066,872,801,8,4362,0
2020-08-23,43066,872,0,0,4362,0
2020-08-24,43898,884,832,12,4399,37
2020-08-25,44568,895,670,11,4446,47
2020-08-26,45230,902,662,7,4446,0
2020-08-27,45978,910,748,8,4501,55
2020-08-28,46757,918,779,8,0,0
2020-08-29,47577,921,820,3,0,0
2020-08-30,48031,929,454,8,0,0
2020-08-31,48396,933,365,4,0,0
2020-09-01,49185,948,789,15,0,0
2020-09-02,49991,966,806,18,0,0
2020-09-03,50885,976,894,10,0,0
2020-09-04,51677,987,792,11,0,0
2020-09-05,52464,993,787,6,0,0
2020-09-06,52774,996,310,3,0,0
2020-09-07,53064,996,290,0,0,0
2020-09-08,53319,997,255,1,0,0
2020-09-09,53977,1013,658,16,0,0
2020-09-10,54772,1035,795,22,0,0
2020-09-11,55704,1044,932,9,0,0
2020-09-12,56415,1057,711,13,0,0
2020-09-13,56945,1060,530,3,0,0
2020-09-14,57282,1065,337,5,0,0
2020-09-15,58000,1074,718,9,0,0
2020-09-16,58764,1082,764,8,0,0
2020-09-17,59370,1093,606,11,0,0
2020-09-18,60128,1101,758,8,0,0
2020-09-19,61106,1108,978,7,0,0
2020-09-20,61542,1111,436,3,0,0
2020-09-21,61917,1112,375,1,0,0
2020-09-22,62731,1119,814,7,0,0
2020-09-23,63515,1124,784,5,0,0
2020-09-24,64158,1137,643,13,0,0
2020-09-25,65066,1149,908,12,0,0
2020-09-26,66036,1154,970,5,0,0
2020-09-27,66491,1157,455,3,0,0
2020-09-28,66939,1162,448,5,0,0
2020-09-29,67856,1170,917,8,0,0
2020-09-30,68840,1174,984,4,0,0
2020-10-01,69728,1191,888,17,0,0
2020-10-02,70727,1197,999,6,0,0
2020-10-03,72001,1205,1274,8,0,0
2020-10-04,72617,1209,616,4,0,0
2020-10-05,73158,1214,541,5,0,0
2020-10-06,74194,1218,1036,4,0,0
2020-10-07,76587,1223,2393,5,0,0
2020-10-08,77455,1234,868,11,0,0
2020-10-09,78456,1242,1001,8,0,0
2020-10-10,79445,1249,989,7,0,0
2020-10-11,80292,1252,847,3,0,0
2020-10-12,80930,1255,638,3,0,0
2020-10-13,81691,1269,761,14,0,0
2020-10-14,83013,1276,1322,7,0,0
2020-10-15,84195,1296,1182,20,0,0
2020-10-16,85506,1300,1311,4,0,0
2020-10-17,86797,1312,1291,12,0,0
2020-10-18,87607,1318,810,6,0,0
2020-10-19,88247,1326,640,8,0,0
2020-10-20,89544,1342,1297,16,0,0
2020-10-21,90996,1363,1452,21,0,0
2020-10-22,92299,1380,1303,17,0,0
2020-10-23,93748,1396,1449,16,0,0
2020-10-24,95480,1404,1732,8,0,0
2020-10-25,96942,1407,1462,3,0,0
2020-10-26,97866,1410,924,3,0,0
2020-10-27,99637,1428,1771,18,0,0
2020-10-28,101494,1442,1857,14,0,0
2020-10-29,103305,1461,1811,19,0,0
2020-10-30,105242,1476,1937,15,0,0
2020-10-31,107219,1485,1977,9,0,0
2020-11-01,108642,1489,1423,4,0,0
2020-11-02,109670,1492,1028,3,0,0
2020-11-03,111379,1503,1709,11,0,0
2020-11-04,113009,1514,1630,11,0,0
2020-11-05,115277,1534,2268,20,0,0
2020-11-06,117505,1544,2228,10,0,0
2020-11-07,119661,1561,2156,17,0,0
2020-11-08,120838,1565,1177,4,0,0
2020-11-09,122567,1576,1729,11,0,0
2020-11-10,124646,1590,2079,14,0,0
2020-11-11,127344,1604,2698,14,0,0
2020-11-12,129680,1622,2336,18,0,0
2020-11-13,132844,1647,3164,25,0,0
2020-11-14,136137,1658,3293,11,0,0
2020-11-15,137586,1661,1449,3,0,0
2020-11-16,139097,1664,1511,3,0,0
2020-11-17,142008,1697,2911,33,0,0
2020-11-18,144753,1712,2745,15,0,0
2020-11-19,148390,1742,3637,30,0,0
2020-11-20,152206,1762,3816,20,0,0
2020-11-21,155908,1783,3702,21,0,0
2020-11-22,158100,1787,2192,4,0,0
2020-11-23,160232,1792,2132,5,0,0
2020-11-24,162838,1809,2606,17,0,0
2020-11-25,166139,1835,3301,26,0,0
2020-11-26,166139,1835,0,0,0,0
2020-11-27,171755,1871,5616,36,0,0
2020-11-28,174182,1885,2427,14,0,0
2020-11-29,176925,1896,2743,11,0,0
2020-11-30,179041,1908,2116,12,0,0
2020-12-01,183164,1943,4123,35,0,0
2020-12-02,186765,1943,3601,0,0,0
2020-12-03,190600,2014,3835,71,0,0
2020-12-04,194192,2039,3592,25,0,0
2020-12-05,198064,2062,3872,23,0,0
2020-12-06,200631,2072,2567,10,0,0
2020-12-07,202591,2082,1960,10,0,0
2020-12-08,205667,2102,3076,20,0,0
2020-12-09,209135,2118,3468,16,0,0
2020-12-10,213449,2146,4314,28,0,0
2020-12-11,217119,2168,3670,22,0,0
2020-12-12,220659,2192,3540,24,0,0
2020-12-13,223103,2207,2444,15,0,0
2020-12-14,224889,2224,1786,17,0,0
2020-12-15,227817,2239,2928,15,0,0
2020-12-16,230692,2262,2875,23,0,0
2020-12-17,234020,2316,3328,54,0,0
2020-12-18,237189,2344,3169,28,0,0
2020-12-19,240563,2371,3374,27,0,0
2020-12-20,242320,2397,1757,26,0,0
2020-12-21,244296,2412,1976,15,0,0
2020-12-22,247343,2440,3047,28,0,0
2020-12-23,250279,2466,2936,26,0,0
2020-12-24,250279,2466,0,0,0,0
2020-12-25,250279,2466,0,0,0,0
2020-12-26,255562,2534,5283,68,0,0
2020-12-27,257062,2555,1500,21,0,0
2020-12-28,258516,2563,1454,8,0,0
2020-12-29,261491,2594,2975,31,0,0
2020-12-30,265261,2623,3770,29,0,0
2020-12-31,265261,2623,0,0,0,0
2021-01-01,265261,2623,0,0,0,0
2021-01-02,273970,2698,8709,75,0,0
2021-01-03,276825,2723,2855,25,0,0
2021-01-04,279142,2749,2317,26,0,0
2021-01-05,280835,2772,1693,23,0,0
2021-01-06,286540,2806,5705,34,0,0
2021-01-07,291429,2843,4889,37,0,0
2021-01-08,296166,2856,4737,13,0,0
2021-01-09,300397,2876,4231,20,0,0
2021-01-10,303624,2901,3227,25,0,0
2021-01-11,305706,2922,2082,21,0,0
2021-01-12,308728,2944,3022,22,0,0
2021-01-13,313281,2991,4553,47,0,0
2021-01-14,317344,3042,4063,51,0,0
2021-01-15,321269,3061,3925,19,0,0
2021-01-16,324324,3093,3055,32,0,0
2021-01-17,326674,3127,2350,34,0,0
2021-01-18,328667,3167,1993,40,0,0
2021-01-19,330906,3194,2239,27,0,0
2021-01-20,334320,3243,3414,49,0,0
2021-01-21,338033,3301,3713,58,0,0
2021-01-22,340778,3337,2745,36,0,0
2021-01-23,344567,3386,3789,49,0,0
2021-01-24,346138,3421,1571,35,0,0
2021-01-25,347827,3460,1689,39,0,0
2021-01-26,350519,3495,2692,35,0,0
2021-01-27,352934,3542,2415,47,0,0
2021-01-28,355868,3611,2934,69,0,0
2021-01-29,358469,3668,2601,57,0,0
2021-01-30,361115,3714,2646,46,0,0
2021-01-31,362881,3745,1766,31,0,0
2021-02-01,364498,3780,1617,35,0,0
2021-02-02,366929,3812,2431,32,0,0
2021-02-03,369510,3863,2581,51,0,0
2021-02-04,372003,3921,2493,58,0,0
2021-02-05,374259,3971,2256,50,0,0
2021-02-06,376253,4020,1994,49,0,0
2021-02-07,377790,4051,1537,31,0,0
2021-02-08,378793,4091,1003,40,0,0
2021-02-09,381121,4126,2328,35,0,0
2021-02-10,383032,4175,1911,49,0,0
2021-02-11,384903,4211,1871,36,0,0
2021-02-12,386326,4253,1423,42,0,0
2021-02-13,387090,4272,764,19,0,0
2021-02-14,388798,4282,1708,10,0,0
2021-02-15,389521,4291,723,9,0,0
2021-02-16,390762,4318,1241,27,0,0
2021-02-17,391772,4336,1010,18,0,0
2021-02-18,392729,4373,957,37,0,0
2021-02-19,394687,4401,1958,28,0,0
2021-02-20,396018,4426,1331,25,0,0
2021-02-21,396997,4447,979,21,0,0
2021-02-22,397526,4460,529,13,0,0
2021-02-23,399013,4476,1487,16,0,0
2021-02-24,400307,4527,1294,51,0,0
2021-02-25,401750,4570,1443,43,0,0
2021-02-26,402926,4600,1176,30,0,0
2021-02-27,403947,4625,1021,25,0,0
2021-02-28,404622,4637,675,12,0,0
2021-03-01,405126,4652,504,15,0,0
2021-03-02,406201,4671,1075,19,0,0
2021-03-03,407373,4704,1172,33,0,0
2021-03-04,408440,4732,1067,28,0,0
2021-03-05,409345,4754,905,22,0,0
2021-03-06,410184,4806,839,52,0,0
2021-03-07,410709,4819,525,13,0,0
2021-03-08,411040,4829,331,10,0,0
2021-03-09,411917,4850,877,21,0,0
2021-03-10,412924,4884,1007,34,0,0
2021-03-11,414131,4921,1207,37,0,0
2021-03-12,415091,4950,960,29,0,0
2021-03-13,415770,4966,679,16,0,0
2021-03-14,416215,4982,445,16,0,0
2021-03-15,416610,5005,395,23,0,0
2021-03-16,417412,5029,802,24,0,0
2021-03-17,418372,5056,960,27,0,0
2021-03-18,419149,5504,777,448,0,0
2021-03-19,419872,5695,723,191,0,0
2021-03-20,420512,5720,640,25,0,0
2021-03-21,420828,5738,316,18,0,0
2021-03-22,421121,5799,293,61,0,0
2021-03-23,421999,5814,878,15,0,0
2021-03-24,422694,5863,695,49,0,0
2021-03-25,423414,5970,720,107,0,0
2021-03-26,424055,6008,641,38,0,0
2021-03-27,424666,6023,611,15,0,0
2021-03-28,425024,6031,358,8,0,0
2021-03-29,425333,6042,309,11,0,0
2021-03-30,426073,6065,740,23,0,0
2021-03-31,426876,6090,803,25,0,0
2021-04-01,427842,6108,966,18,0,0
2021-04-02,428527,6129,685,21,0,0
2021-04-03,429106,6149,579,20,0,0
2021-04-04,429106,6149,0,0,0,0
2021-04-05,429511,6171,405,22,0,0
2021-04-06,429841,6184,330,13,0,0
2021-04-07,430860,6198,1019,14,0,0
2021-04-08,431487,6214,627,16,0,0
2021-04-09,432220,6223,733,9,0,0
2021-04-10,432720,6241,500,18,0,0
2021-04-11,433085,6250,365,9,0,0
2021-04-12,433352,6257,267,7,0,0
2021-04-13,434148,6261,796,4,0,0
2021-04-14,434922,6285,774,24,0,0
2021-04-15,435743,6302,821,17,0,0
2021-04-16,436445,6317,702,15,0,0
2021-04-17,437037,6330,592,13,0,0
2021-04-18,437312,6338,275,8,0,0
2021-04-19,437543,6347,231,9,0,0
2021-04-20,438147,6360,604,13,0,0
2021-04-21,438927,6373,780,13,0,0
2021-04-22,439551,6381,624,8,0,0
2021-04-23,440149,6403,598,22,0,0
2021-04-24,440631,6436,482,33,0,0
2021-04-25,440955,6449,324,13,0,0
2021-04-26,441166,6459,211,10,0,0
2021-04-27,441880,6476,714,17,0,0
2021-04-28,442618,6485,738,9,0,0
2021-04-29,443408,6497,790,12,0,0
2021-04-30,444127,6501,719,4,0,0
2021-05-01,444771,6513,644,12,0,0
2021-05-02,445139,6517,368,4,0,0
2021-05-03,445449,6525,310,8,0,0
2021-05-04,446221,6532,772,7,0,0
2021-05-05,446929,6542,708,10,0,0
2021-05-06,447582,6548,653,6,0,0
2021-05-07,448215,6559,633,11,0,0
2021-05-08,448757,6578,542,19,0,0
2021-05-09,448952,6586,195,8,0,0
2021-05-10,449107,6597,155,11,0,0
2021-05-11,449864,6620,757,23,0,0
2021-05-12,450541,6630,677,10,0,0
2021-05-13,451213,6637,672,7,0,0
2021-05-14,451766,6643,553,6,0,0
2021-05-15,452250,6648,484,5,0,0
2021-05-16,452537,6656,287,8,0,0
2021-05-17,452821,6662,284,6,0,0
2021-05-18,453460,6673,639,11,0,0
2021-05-19,454044,6678,584,5,0,0
2021-05-20,454609,6693,565,15,0,0
2021-05-21,455150,6698,541,5,0,0
2021-05-22,455575,6705,425,7,0,0
2021-05-23,455790,6716,215,11,0,0
