"date","positive","death","positiveIncrease","deathIncrease","hospitalized","hospitalizedIncrease"
2020-04-13,2990,114,154,2,0,0
2020-04-14,3134,126,144,12,0,0
2020-04-15,3211,131,77,5,0,0
2020-04-16,3214,137,3,6,0,0
2020-04-17,3524,142,310,5,0,0
2020-04-18,3626,151,102,9,0,0
2020-04-19,3728,158,102,7,0,0
2020-04-20,3830,159,102,1,0,0
2020-04-21,3937,163,107,4,0,0
2020-04-22,4081,172,144,9,0,0
2020-04-23,4208,195,127,23,0,0
2020-04-24,4398,197,190,2,0,0
2020-04-25,4539,205,141,8,0,0
2020-04-26,4734,206,195,1,0,0
2020-04-27,4700,206,-34,0,0,0
2020-04-28,4821,219,121,13,0,0
2020-04-29,4934,230,113,11,0,0
2020-04-30,5053,243,119,13,0,0
2020-05-01,5248,246,195,3,0,0
2020-05-02,5389,255,141,9,0,0
2020-05-03,5472,258,83,3,0,0
2020-05-04,5630,265,158,7,0,0
2020-05-05,5660,270,30,5,0,0
2020-05-06,5741,289,81,19,0,0
2020-05-07,5855,297,114,8,0,0
2020-05-08,5920,294,65,-3,0,0
2020-05-09,6171,313,251,19,0,0
2020-05-10,6120,310,-51,-3,0,0
2020-05-11,6152,312,32,2,0,0
2020-05-12,6313,321,161,9,0,0
2020-05-13,6476,331,163,10,0,0
2020-05-14,6504,333,28,2,0,0
2020-05-15,6733,343,229,10,0,0
2020-05-16,6813,347,80,4,0,0
2020-05-17,6949,350,136,3,0,0
2020-05-18,7061,358,112,8,0,0
2020-05-19,7096,358,35,0,0,0
2020-05-20,7388,377,292,19,0,0
2020-05-21,7400,383,12,6,0,0
2020-05-22,7525,386,125,3,0,0
2020-05-23,7526,387,1,1,0,0
2020-05-24,7881,380,355,-7,0,0
2020-05-25,7956,394,75,14,0,0
2020-05-26,8057,394,101,0,0,0
2020-05-27,8150,402,93,8,0,0
2020-05-28,8248,406,98,4,0,0
2020-05-29,8376,406,128,0,0,0
2020-05-30,8517,417,141,11,0,0
2020-05-31,8628,417,111,0,0,0
2020-06-01,8702,417,74,0,0,0
2020-06-02,8858,417,156,0,0,0
2020-06-03,8951,431,93,14,0,0
2020-06-04,9129,430,178,-1,0,0
2020-06-05,9309,436,180,6,0,0
2020-06-06,9491,437,182,1,0,0
2020-06-07,9669,438,178,1,0,0
2020-06-08,9816,442,147,4,0,0
2020-06-09,10045,446,229,4,0,0
2020-06-10,10218,449,173,3,0,0
2020-06-11,10473,459,255,10,0,0
2020-06-12,10704,461,231,2,0,0
2020-06-13,10997,462,293,1,0,0
2020-06-14,11201,463,204,1,0,0
2020-06-15,11315,465,114,2,0,0
2020-06-16,11683,467,368,2,0,0
2020-06-17,11854,473,171,6,0,0
2020-06-18,12169,475,315,2,0,0
2020-06-19,12524,479,355,4,0,0
2020-06-20,12976,486,452,7,0,0
2020-06-21,13240,487,264,1,0,0
2020-06-22,13528,489,288,2,0,0
2020-06-23,13528,489,0,0,0,0
2020-06-24,13528,489,0,0,0,0
2020-06-25,14859,495,1331,6,0,0
2020-06-26,15240,498,381,3,0,0
2020-06-27,16339,500,1099,2,0,0
2020-06-28,17160,500,821,0,0,0
2020-06-29,17894,504,734,4,0,0
2020-06-30,18456,507,562,3,0,0
2020-07-01,19101,511,645,4,0,0
2020-07-02,19733,525,632,14,0,0
2020-07-03,20718,528,985,3,0,0
2020-07-04,21575,530,857,2,0,0
2020-07-05,22418,534,843,4,0,0
2020-07-06,22909,537,491,3,0,0
2020-07-07,23785,548,876,11,0,0
2020-07-08,24301,553,516,5,0,0
2020-07-09,24904,571,603,18,0,0
2020-07-10,25908,579,1004,8,0,0
2020-07-11,26838,592,930,13,0,0
2020-07-12,27683,593,845,1,0,0
2020-07-13,28515,593,832,0,0,0
2020-07-14,29619,612,1104,19,0,0
2020-07-15,30468,618,849,6,0,0
2020-07-16,31915,626,1447,8,0,0
2020-07-17,33295,637,1380,11,0,0
2020-07-18,34477,646,1182,9,0,0
2020-07-19,35765,647,1288,1,0,0
2020-07-20,36713,648,948,1,0,0
2020-07-21,37528,676,815,28,0,0
2020-07-22,38657,704,1129,28,0,0
2020-07-23,39919,709,1262,5,0,0
2020-07-24,40885,722,966,13,0,0
2020-07-25,41816,732,931,10,0,0
2020-07-26,42843,734,1027,2,0,0
2020-07-27,43831,739,988,5,0,0
2020-07-28,44936,759,1105,20,0,0
2020-07-29,45806,780,870,21,0,0
2020-07-30,46824,801,1018,21,0,0
2020-07-31,48088,830,1264,29,0,0
2020-08-01,49074,832,986,2,0,0
2020-08-02,50205,832,1131,0,0,0
2020-08-03,51199,847,994,15,0,0
2020-08-04,52179,862,980,15,0,0
2020-08-05,52828,890,649,28,0,0
2020-08-06,53557,900,729,10,0,0
2020-08-07,54533,920,976,20,0,0
2020-08-08,55419,949,886,29,0,0
2020-08-09,56230,957,811,8,0,0
2020-08-10,56972,963,742,6,0,0
2020-08-11,57520,981,548,18,0,0
2020-08-12,58048,996,528,15,0,0
2020-08-13,58650,1030,602,34,0,0
2020-08-14,59749,1045,1099,15,0,0
2020-08-15,60608,1069,859,24,0,0
2020-08-16,61305,1072,697,3,0,0
2020-08-17,61967,1077,662,5,0,0
2020-08-18,62639,1102,672,25,0,0
2020-08-19,63028,1134,389,32,0,0
2020-08-20,63584,1172,556,38,0,0
2020-08-21,64433,1185,849,13,0,0
2020-08-22,65069,1197,636,12,0,0
2020-08-23,65601,1197,532,0,0,0
2020-08-24,66010,1200,409,3,0,0
2020-08-25,66413,1230,403,30,0,0
2020-08-26,66666,1250,253,20,0,0
2020-08-27,67220,1271,554,21,0,0
2020-08-28,67852,1287,632,16,0,0
2020-08-29,68461,1302,609,15,0,0
2020-08-30,68908,1302,447,0,0,0
2020-08-31,69228,1305,320,3,0,0
2020-09-01,69633,1313,405,8,0,0
2020-09-02,69872,1336,239,23,0,0
2020-09-03,70223,1363,351,27,0,0
2020-09-04,70712,1375,489,12,0,0
2020-09-05,71102,1388,390,13,0,0
2020-09-06,71610,1389,508,1,0,0
2020-09-07,71967,1393,357,4,0,0
2020-09-08,72104,1393,137,0,0,0
2020-09-09,72258,1412,154,19,0,0
2020-09-10,72546,1429,288,17,0,0
2020-09-11,72806,1439,260,10,0,0
2020-09-12,73220,1449,414,10,0,0
2020-09-13,73537,1452,317,3,0,0
2020-09-14,73814,1456,277,4,0,0
2020-09-15,74040,1482,226,26,0,0
2020-09-16,74248,1494,208,12,0,0
2020-09-17,74595,1506,347,12,0,0
2020-09-18,75096,1524,501,18,0,0
2020-09-19,75419,1528,323,4,0,0
2020-09-20,75804,1531,385,3,0,0
2020-09-21,76036,1531,232,0,0,0
2020-09-22,76298,1546,262,15,0,0
2020-09-23,76807,1556,509,10,0,0
2020-09-24,77197,1564,390,8,0,0
2020-09-25,77753,1573,556,9,0,0
2020-09-26,78355,1582,602,9,0,0
2020-09-27,78728,1585,373,3,0,0
2020-09-28,79191,1585,463,0,0,0
2020-09-29,79595,1593,404,8,0,0
2020-09-30,79980,1600,385,7,0,0
2020-10-01,80410,1603,430,3,0,0
2020-10-02,81182,1609,772,6,0,0
2020-10-03,81708,1620,526,11,0,0
2020-10-04,82100,1623,392,3,0,0
2020-10-05,82437,1623,337,0,0,0
2020-10-06,82916,1629,479,6,0,0
2020-10-07,83347,1636,431,7,0,0
2020-10-08,83827,1649,480,13,0,0
2020-10-09,84593,1657,766,8,0,0
2020-10-10,85399,1659,806,2,0,0
2020-10-11,85779,1661,380,2,0,0
2020-10-12,86348,1664,569,3,0,0
2020-10-13,86835,1674,487,10,0,0
2020-10-14,87314,1691,479,17,0,0
2020-10-15,87969,1698,655,7,0,0
2020-10-16,88685,1707,716,9,0,0
2020-10-17,89652,1707,967,0,0,0
2020-10-18,90261,1710,609,3,0,0
2020-10-19,90843,1712,582,2,0,0
2020-10-20,91499,1727,656,15,0,0
2020-10-21,92064,1732,565,5,0,0
2020-10-22,92853,1736,789,4,0,0
2020-10-23,93665,1738,812,2,0,0
2020-10-24,94812,1743,1147,5,0,0
2020-10-25,95703,1748,891,5,0,0
2020-10-26,96178,1749,475,1,0,0
2020-10-27,96908,1756,730,7,0,0
2020-10-28,97479,1766,571,10,0,0
2020-10-29,98552,1769,1073,3,0,0
2020-10-30,99784,1777,1232,8,0,0
2020-10-31,100761,1777,977,0,0,0
2020-11-01,101477,1781,716,4,0,0
2020-11-02,102114,1784,637,3,0,0
2020-11-03,103025,1807,911,23,0,0
2020-11-04,104093,1814,1068,7,0,0
2020-11-05,105360,1824,1267,10,0,0
2020-11-06,106922,1845,1562,21,0,0
2020-11-07,108746,1850,1824,5,0,0
2020-11-08,110022,1851,1276,1,0,0
2020-11-09,110982,1852,960,1,0,0
2020-11-10,112304,1859,1322,7,0,0
2020-11-11,113411,1877,1107,18,0,0
2020-11-12,114880,1880,1469,3,0,0
2020-11-13,116737,1893,1857,13,0,0
2020-11-14,119006,1908,2269,15,0,0
2020-11-15,120183,1909,1177,1,0,0
2020-11-16,122099,1917,1916,8,0,0
2020-11-17,123795,1944,1696,27,0,0
2020-11-18,125459,1947,1664,3,0,0
2020-11-19,127876,1953,2417,6,0,0
2020-11-20,129714,1982,1838,29,0,0
2020-11-21,131733,2011,2019,29,0,0
2020-11-22,133888,2017,2155,6,0,0
2020-11-23,136227,2023,2339,6,0,0
2020-11-24,139098,2047,2871,24,0,0
2020-11-25,142240,2071,3142,24,0,0
2020-11-26,144781,2093,2541,22,0,0
2020-11-27,146317,2095,1536,2,0,0
2020-11-28,149229,2119,2912,24,0,0
2020-11-29,150527,2136,1298,17,0,0
2020-11-30,152171,2144,1644,8,0,0
2020-12-01,154842,2164,2671,20,0,0
2020-12-02,156997,2202,2155,38,0,0
2020-12-03,159532,2250,2535,48,0,0
2020-12-04,162434,2272,2902,22,0,0
2020-12-05,165628,2301,3194,29,0,0
2020-12-06,168140,2315,2512,14,0,0
2020-12-07,170587,2319,2447,4,0,0
2020-12-08,173284,2359,2697,40,0,0
2020-12-09,176334,2384,3050,25,0,0
2020-12-10,178527,2434,2193,50,0,0
2020-12-11,181310,2479,2783,45,0,0
2020-12-12,183949,2520,2639,41,0,0
2020-12-13,186833,2539,2884,19,0,0
2020-12-14,189413,2548,2580,9,0,0
2020-12-15,191732,2595,2319,47,0,0
2020-12-16,194098,2651,2366,56,0,0
2020-12-17,196379,2671,2281,20,0,0
2020-12-18,199257,2706,2878,35,0,0
2020-12-19,201858,2749,2601,43,0,0
2020-12-20,203945,2779,2087,30,0,0
2020-12-21,205884,2785,1939,6,0,0
2020-12-22,206974,2823,1090,38,0,0
2020-12-23,209962,2869,2988,46,0,0
2020-12-24,212211,2914,2249,45,0,0
2020-12-25,214064,2941,1853,27,0,0
2020-12-26,215653,2942,1589,1,0,0
2020-12-27,217509,2950,1856,8,0,0
2020-12-28,218377,2971,868,21,0,0
2020-12-29,220124,3016,1747,45,0,0
2020-12-30,222595,3063,2471,47,0,0
2020-12-31,224731,3122,2136,59,0,0
2021-01-01,227046,3143,2315,21,0,0
2021-01-02,228871,3148,1825,5,0,0
2021-01-03,231614,3180,2743,32,0,0
2021-01-04,233032,3206,1418,26,0,0
2021-01-05,235455,3235,2423,29,0,0
2021-01-06,237393,3295,1938,60,0,0
2021-01-07,240796,3339,3403,44,0,0
2021-01-08,243661,3394,2865,55,0,0
2021-01-09,246309,3450,2648,56,0,0
2021-01-10,248569,3467,2260,17,0,0
2021-01-11,250249,3500,1680,33,0,0
2021-01-12,252842,3546,2593,46,0,0
2021-01-13,253985,3596,1143,50,0,0
2021-01-14,256172,3658,2187,62,0,0
2021-01-15,258050,3698,1878,40,0,0
2021-01-16,260090,3761,2040,63,0,0
2021-01-17,261573,3779,1483,18,0,0
2021-01-18,262794,3784,1221,5,0,0
2021-01-19,263972,3792,1178,8,0,0
2021-01-20,265143,3863,1171,71,0,0
2021-01-21,266343,3910,1200,47,0,0
2021-01-22,268212,3958,1869,48,0,0
2021-01-23,269713,4011,1501,53,0,0
2021-01-24,270907,4026,1194,15,0,0
2021-01-25,271897,4029,990,3,0,0
2021-01-26,272853,4088,956,59,0,0
2021-01-27,273873,4134,1020,46,0,0
2021-01-28,274951,4181,1078,47,0,0
2021-01-29,276279,4218,1328,37,0,0
2021-01-30,277349,4264,1070,46,0,0
2021-01-31,278308,4270,959,6,0,0
2021-02-01,279146,4278,838,8,0,0
2021-02-02,279957,4324,811,46,0,0
2021-02-03,280707,4373,750,49,0,0
2021-02-04,281596,4424,889,51,0,0
2021-02-05,282493,4463,897,39,0,0
2021-02-06,283391,4496,898,33,0,0
2021-02-07,284042,4520,651,24,0,0
2021-02-08,284590,4522,548,2,0,0
2021-02-09,285136,4559,546,37,0,0
2021-02-10,285795,4582,659,23,0,0
2021-02-11,286387,4637,592,55,0,0
2021-02-12,287023,4663,636,26,0,0
2021-02-13,287836,4694,813,31,0,0
2021-02-14,288348,4709,512,15,0,0
2021-02-15,288739,4720,391,11,0,0
2021-02-16,289029,4733,290,13,0,0
2021-02-17,289392,4774,363,41,0,0
2021-02-18,289880,4805,488,31,0,0
2021-02-19,290300,4831,420,26,0,0
2021-02-20,290671,4868,371,37,0,0
2021-02-21,290972,4872,301,4,0,0
2021-02-22,291145,4882,173,10,0,0
2021-02-23,291543,4903,398,21,0,0
2021-02-24,292059,4919,516,16,0,0
2021-02-25,292630,4933,571,14,0,0
2021-02-26,293029,4942,399,9,0,0
2021-02-27,293488,4957,459,15,0,0
2021-02-28,293754,4957,266,0,0,0
2021-03-01,293980,4957,226,0,0,0
2021-03-02,294289,4967,309,10,0,0
2021-03-03,294684,4987,395,20,0,0
2021-03-04,295069,5005,385,18,0,0
2021-03-05,295460,5020,391,15,0,0
2021-03-06,295960,5036,500,16,0,0
2021-03-07,296190,5037,230,1,0,0
2021-03-08,296393,5040,203,3,0,0
2021-03-09,296822,5054,429,14,0,0
2021-03-10,297147,5067,325,13,0,0
2021-03-11,297765,5080,618,13,0,0
2021-03-12,298623,5097,858,17,0,0
2021-03-13,299065,5117,442,20,0,0
2021-03-14,299287,5118,222,1,0,0
2021-03-15,299471,5121,184,3,0,0
2021-03-16,299817,5135,346,14,0,0
2021-03-17,300118,5147,301,12,0,0
2021-03-18,300415,5157,297,10,0,0
2021-03-19,300680,5161,265,4,0,0
2021-03-20,300951,5171,271,10,0,0
2021-03-21,301178,5172,227,1,0,0
2021-03-22,301334,5174,156,2,0,0
2021-03-23,301481,5188,147,14,0,0
2021-03-24,301727,5203,246,15,0,0
2021-03-25,302171,5215,444,12,0,0
2021-03-26,302616,5226,445,11,0,0
2021-03-27,302918,5236,302,10,0,0
2021-03-28,303061,5236,143,0,0,0
2021-03-29,303273,5237,212,1,0,0
2021-03-30,303494,5239,221,2,0,0
2021-03-31,303762,5249,268,10,0,0
2021-04-01,304112,5256,350,7,0,0
2021-04-02,304454,5260,342,4,0,0
2021-04-03,304916,5274,462,14,0,0
2021-04-04,305176,5274,260,0,0,0
2021-04-05,305357,5275,181,1,0,0
2021-04-06,305652,5297,295,22,0,0
2021-04-07,305929,5308,277,11,0,0
2021-04-08,306315,5313,386,5,0,0
2021-04-09,306952,5323,637,10,0,0
2021-04-10,307704,5332,752,9,0,0
2021-04-11,308024,5332,320,0,0,0
2021-04-12,308343,5332,319,0,0,0
2021-04-13,308755,5339,412,7,0,0
2021-04-14,309150,5353,395,14,0,0
2021-04-15,309699,5359,549,6,0,0
2021-04-16,310235,5365,536,6,0,0
2021-04-17,310235,5365,0,0,0,0
2021-04-18,310235,5365,0,0,0,0
2021-04-19,310933,5368,698,3,0,0
2021-04-20,311314,5377,381,9,0,0
2021-04-21,311750,5388,436,11,0,0
2021-04-22,312278,5400,528,12,0,0
2021-04-23,312840,5422,562,22,0,0
2021-04-24,312840,5422,0,0,0,0
2021-04-25,312840,5422,0,0,0,0
2021-04-26,313680,5433,840,11,0,0
2021-04-27,314085,5444,405,11,0,0
2021-04-28,314475,5448,390,4,0,0
2021-04-29,314928,5459,453,11,0,0
2021-04-30,315438,5464,510,5,0,0
2021-05-01,315438,5464,0,0,0,0
2021-05-02,315438,5464,0,0,0,0
2021-05-03,316239,5473,801,9,0,0
2021-05-04,316715,5480,476,7,0,0
2021-05-05,317088,5487,373,7,0,0
2021-05-06,317482,5490,394,3,0,0
2021-05-07,317980,5498,498,8,0,0
2021-05-08,317980,5498,0,0,0,0
2021-05-09,317980,5498,0,0,0,0
2021-05-10,318780,5506,800,8,0,0
2021-05-11,319250,5509,470,3,0,0
2021-05-12,319714,5515,464,6,0,0
2021-05-13,320150,5523,436,8,0,0
2021-05-14,320539,5530,389,7,0,0
2021-05-15,320539,5530,0,0,0,0
2021-05-16,320539,5530,0,0,0,0
2021-05-17,321081,5533,542,3,0,0
2021-05-18,321368,5540,287,7,0,0
2021-05-19,321716,5545,348,5,0,0
2021-05-20,322018,5550,302,5,0,0
2021-05-21,322352,5552,334,2,0,0
2021-05-22,322352,5552,0,0,0,0
2021-05-23,322352,5552,0,0,0,0
