"date","positive","death","positiveIncrease","deathIncrease","hospitalized","hospitalizedIncrease"
2020-04-13,2069,99,99,3,457,11
2020-04-14,2184,108,115,9,488,31
2020-04-15,2263,123,79,15,510,22
2020-04-16,2357,131,94,8,528,18
2020-04-17,2465,136,108,5,528,0
2020-04-18,2465,136,0,0,541,13
2020-04-19,2567,140,102,4,541,0
2020-04-20,2680,143,113,3,541,0
2020-04-21,2807,164,127,21,561,20
2020-04-22,2894,170,87,6,588,27
2020-04-23,3017,179,123,9,622,34
2020-04-24,3121,188,104,9,637,15
2020-04-25,3194,194,73,6,637,0
2020-04-26,3254,195,60,1,653,16
2020-04-27,3281,197,27,2,656,3
2020-04-28,3410,207,129,10,656,0
2020-04-29,3473,214,63,7,693,37
2020-04-30,3618,222,145,8,703,10
2020-05-01,3748,230,130,8,715,12
2020-05-02,3851,238,103,8,743,28
2020-05-03,3972,238,121,0,743,0
2020-05-04,4044,238,72,0,753,10
2020-05-05,4127,247,83,9,773,20
2020-05-06,4202,253,75,6,773,0
2020-05-07,4330,260,128,7,805,32
2020-05-08,4424,266,94,6,805,0
2020-05-09,4490,270,66,4,822,17
2020-05-10,4589,272,99,2,826,4
2020-05-11,4613,274,24,2,828,2
2020-05-12,4732,278,119,4,828,0
2020-05-13,4858,278,126,0,848,20
2020-05-14,4963,284,105,6,858,10
2020-05-15,5087,285,124,1,863,5
2020-05-16,5237,288,150,3,878,15
2020-05-17,5310,288,73,0,880,2
2020-05-18,5398,288,88,0,885,5
2020-05-19,5489,293,91,5,897,12
2020-05-20,5532,299,43,6,905,8
2020-05-21,5680,304,148,5,917,12
2020-05-22,5849,307,169,3,926,9
2020-05-23,5960,311,111,4,926,0
2020-05-24,6037,311,77,0,938,12
2020-05-25,6090,313,53,2,938,0
2020-05-26,6138,318,48,5,941,3
2020-05-27,6229,322,91,4,941,0
2020-05-28,6273,325,44,3,975,34
2020-05-29,6338,329,65,4,982,7
2020-05-30,6418,334,80,5,982,0
2020-05-31,6418,334,0,0,985,3
2020-06-01,6573,334,155,0,986,1
2020-06-02,6692,339,119,5,994,8
2020-06-03,6805,341,113,2,1003,9
2020-06-04,6907,344,102,3,1014,11
2020-06-05,7007,345,100,1,1014,0
2020-06-06,7059,347,52,2,1026,12
2020-06-07,7150,348,91,1,1026,0
2020-06-08,7205,348,55,0,1039,13
2020-06-09,7363,354,158,6,1061,22
2020-06-10,7483,356,120,2,1075,14
2020-06-11,7626,358,143,2,1092,17
2020-06-12,7849,360,223,2,1103,11
2020-06-13,8073,359,224,-1,1111,8
2020-06-14,8231,359,158,0,1116,5
2020-06-15,8417,359,186,0,1117,1
2020-06-16,8645,363,228,4,1130,13
2020-06-17,8904,364,259,1,1146,16
2020-06-18,9355,366,451,2,1146,0
2020-06-19,9707,367,352,1,1209,63
2020-06-20,10038,368,331,1,1229,20
2020-06-21,10516,369,478,1,1243,14
2020-06-22,10734,369,218,0,1268,25
2020-06-23,11031,371,297,2,1288,20
2020-06-24,11510,372,479,1,1319,31
2020-06-25,11948,375,438,3,1336,17
2020-06-26,12347,377,399,2,1393,57
2020-06-27,12646,384,299,7,1440,47
2020-06-28,12947,385,301,1,1456,16
2020-06-29,13175,385,228,0,1489,33
2020-06-30,13757,387,582,2,1520,31
2020-07-01,14119,389,362,2,1553,33
2020-07-02,14531,395,412,6,1615,62
2020-07-03,15069,398,538,3,1661,46
2020-07-04,15648,398,579,0,1676,15
2020-07-05,15931,398,283,0,1685,9
2020-07-06,16362,399,431,1,1689,4
2020-07-07,17220,404,858,5,1741,52
2020-07-08,17894,407,674,3,1804,63
2020-07-09,18497,410,603,3,1893,89
2020-07-10,19092,416,595,6,1949,56
2020-07-11,19779,421,687,5,1992,43
2020-07-12,20235,422,456,1,2032,40
2020-07-13,20746,424,511,2,2063,31
2020-07-14,21740,428,994,4,2116,53
2020-07-15,22814,432,1074,4,2170,54
2020-07-16,23440,438,626,6,2218,48
2020-07-17,24140,445,700,7,2289,71
2020-07-18,25057,451,917,6,2375,86
2020-07-19,25266,451,209,0,2388,13
2020-07-20,25436,452,170,1,2403,15
2020-07-21,26326,461,890,9,2403,0
2020-07-22,27298,474,972,13,2540,137
2020-07-23,27969,477,671,3,2596,56
2020-07-24,29116,484,1147,7,2687,91
2020-07-25,30081,496,965,12,2768,81
2020-07-26,31285,496,1204,0,2835,67
2020-07-27,32685,496,1400,0,2872,37
2020-07-28,33775,509,1090,13,2987,115
2020-07-29,34623,523,848,14,3041,54
2020-07-30,35740,536,1117,13,3104,63
2020-07-31,36487,541,747,5,3161,57
2020-08-01,37731,549,1244,8,3228,67
2020-08-02,38225,550,494,1,3241,13
2020-08-03,38602,551,377,1,3275,34
2020-08-04,39463,566,861,15,3375,100
2020-08-05,40564,583,1101,17,3445,70
2020-08-06,41401,593,837,10,3497,52
2020-08-07,42255,600,854,7,3555,58
2020-08-08,43080,603,825,3,3594,39
2020-08-09,43566,603,486,0,3605,11
2020-08-10,43963,605,397,2,3625,20
2020-08-11,44728,618,765,13,3760,135
2020-08-12,45398,627,670,9,3842,82
2020-08-13,46103,638,705,11,3901,59
2020-08-14,46897,644,794,6,3953,52
2020-08-15,47798,657,901,13,3998,45
2020-08-16,48342,661,544,4,4013,15
2020-08-17,48711,665,369,4,4021,8
2020-08-18,49312,679,601,14,4115,94
2020-08-19,49923,699,611,20,4192,77
2020-08-20,50669,709,746,10,4268,76
2020-08-21,51746,715,1077,6,4316,48
2020-08-22,52599,725,853,10,4368,52
2020-08-23,53165,726,566,1,4422,54
2020-08-24,53522,730,357,4,4431,9
2020-08-25,54172,744,650,14,4527,96
2020-08-26,54838,763,666,19,4609,82
2020-08-27,55550,778,712,15,4673,64
2020-08-28,56260,786,710,8,0,0
2020-08-29,57353,797,1093,11,0,0
2020-08-30,58119,799,766,2,0,0
2020-08-31,58733,800,614,1,0,0
2020-09-01,59398,808,665,8,0,0
2020-09-02,60118,821,720,13,0,0
2020-09-03,61027,835,909,14,0,0
2020-09-04,62040,846,1013,11,0,0
2020-09-05,63187,850,1147,4,0,0
2020-09-06,63607,853,420,3,0,0
2020-09-07,64220,853,613,0,0,0
2020-09-08,65053,854,833,1,0,0
2020-09-09,65929,863,876,9,0,0
2020-09-10,66700,876,771,13,0,0
2020-09-11,67642,888,942,12,0,0
2020-09-12,68659,899,1017,11,0,0
2020-09-13,69354,905,695,6,0,0
2020-09-14,70223,905,869,0,0,0
2020-09-15,71314,912,1091,7,0,0
2020-09-16,72284,924,970,12,0,0
2020-09-17,73318,930,1034,6,0,0
2020-09-18,74567,939,1249,9,0,0
2020-09-19,75804,943,1237,4,0,0
2020-09-20,76807,946,1003,3,0,0
2020-09-21,77908,948,1101,2,0,0
2020-09-22,79072,962,1164,14,0,0
2020-09-23,80161,970,1089,8,0,0
2020-09-24,81244,981,1083,11,0,0
2020-09-25,82520,993,1276,12,0,0
2020-09-26,83510,1004,990,11,0,0
2020-09-27,84333,1006,823,2,0,0
2020-09-28,85194,1007,861,1,0,0
2020-09-29,86219,1018,1025,11,0,0
2020-09-30,87199,1031,980,13,0,0
2020-10-01,88369,1035,1170,4,0,0
2020-10-02,89559,1044,1190,9,0,0
2020-10-03,90748,1051,1189,7,0,0
2020-10-04,90748,1051,0,0,0,0
2020-10-05,91982,1055,1234,4,0,0
2020-10-06,93346,1066,1364,11,0,0
2020-10-07,94352,1075,1006,9,0,0
2020-10-08,95564,1085,1212,10,0,0
2020-10-09,97088,1091,1524,6,0,0
2020-10-10,98621,1095,1533,4,0,0
2020-10-11,99387,1098,766,3,0,0
2020-10-12,100184,1104,797,6,0,0
2020-10-13,101493,1119,1309,15,0,0
2020-10-14,102615,1132,1122,13,0,0
2020-10-15,103836,1143,1221,11,0,0
2020-10-16,105308,1154,1472,11,0,0
2020-10-17,106468,1162,1160,8,0,0
2020-10-18,107299,1171,831,9,0,0
2020-10-19,108073,1173,774,2,0,0
2020-10-20,109548,1191,1475,18,0,0
2020-10-21,110855,1210,1307,19,0,0
2020-10-22,112483,1221,1628,11,0,0
2020-10-23,113856,1234,1373,13,0,0
2020-10-24,115685,1245,1829,11,0,0
2020-10-25,116736,1249,1051,4,0,0
2020-10-26,117399,1251,663,2,0,0
2020-10-27,118409,1273,1010,22,0,0
2020-10-28,119152,1286,743,13,0,0
2020-10-29,120193,1306,1041,20,0,0
2020-10-30,121495,1326,1302,20,0,0
2020-10-31,122762,1337,1267,11,0,0
2020-11-01,124111,1345,1349,8,0,0
2020-11-02,125195,1354,1084,9,0,0
2020-11-03,126526,1375,1331,21,0,0
2020-11-04,127772,1392,1246,17,0,0
2020-11-05,129873,1413,2101,21,0,0
2020-11-06,131751,1429,1878,16,0,0
2020-11-07,131751,1429,0,0,0,0
2020-11-08,136258,1438,4507,9,0,0
2020-11-09,138455,1444,2197,6,0,0
2020-11-10,140157,1451,1702,7,0,0
2020-11-11,142334,1470,2177,19,0,0
2020-11-12,144691,1481,2357,11,0,0
2020-11-13,147358,1493,2667,12,0,0
2020-11-14,150205,1516,2847,23,0,0
2020-11-15,154128,1528,3923,12,0,0
2020-11-16,156857,1538,2729,10,0,0
2020-11-17,158408,1544,1551,6,0,0
2020-11-18,161425,1570,3017,26,0,0
2020-11-19,164340,1588,2915,18,0,0
2020-11-20,167261,1603,2921,15,0,0
2020-11-21,170924,1624,3663,21,0,0
2020-11-22,174330,1634,3406,10,0,0
2020-11-23,177874,1649,3544,15,0,0
2020-11-24,180610,1664,2736,15,0,0
2020-11-25,184342,1680,3732,16,0,0
2020-11-26,184342,1680,0,0,0,0
2020-11-27,187567,1704,3225,24,0,0
2020-11-28,193824,1717,6257,13,0,0
2020-11-29,195545,1736,1721,19,0,0
2020-11-30,197745,1743,2200,7,0,0
2020-12-01,199482,1758,1737,15,0,0
2020-12-02,202341,1812,2859,54,0,0
2020-12-03,204048,1836,1707,24,0,0
2020-12-04,208875,1860,4827,24,0,0
2020-12-05,213245,1874,4370,14,0,0
2020-12-06,216486,1896,3241,22,0,0
2020-12-07,218389,1911,1903,15,0,0
2020-12-08,220686,1922,2297,11,0,0
2020-12-09,222993,1945,2307,23,0,0
2020-12-10,225453,1980,2460,35,0,0
2020-12-11,229357,2007,3904,27,0,0
2020-12-12,233343,2042,3986,35,0,0
2020-12-13,237682,2064,4339,22,0,0
2020-12-14,239790,2072,2108,8,0,0
2020-12-15,242028,2086,2238,14,0,0
2020-12-16,245272,2128,3244,42,0,0
2020-12-17,248255,2144,2983,16,0,0
2020-12-18,251821,2161,3566,17,0,0
2020-12-19,255941,2189,4120,28,0,0
2020-12-20,260934,2212,4993,23,0,0
2020-12-21,263546,2218,2612,6,0,0
2020-12-22,265747,2240,2201,22,0,0
2020-12-23,269417,2283,3670,43,0,0
2020-12-24,272705,2328,3288,45,0,0
2020-12-25,272705,2328,0,0,0,0
2020-12-26,276680,2357,3975,29,0,0
2020-12-27,279325,2370,2645,13,0,0
2020-12-28,282803,2383,3478,13,0,0
2020-12-29,284018,2405,1215,22,0,0
2020-12-30,287292,2453,3274,48,0,0
2020-12-31,291209,2489,3917,36,0,0
2021-01-01,291209,2489,0,0,0,0
2021-01-02,296343,2527,5134,38,0,0
2021-01-03,304375,2547,8032,20,0,0
2021-01-04,307091,2552,2716,5,0,0
2021-01-05,308600,2571,1509,19,0,0
2021-01-06,311924,2633,3324,62,0,0
2021-01-07,315730,2672,3806,39,0,0
2021-01-08,320974,2703,5244,31,0,0
2021-01-09,325277,2738,4303,35,0,0
2021-01-10,331775,2761,6498,23,0,0
2021-01-11,335679,2775,3904,14,0,0
2021-01-12,337900,2804,2221,29,0,0
2021-01-13,341820,2848,3920,44,0,0
2021-01-14,344969,2882,3149,34,0,0
2021-01-15,348513,2925,3544,43,0,0
2021-01-16,352145,2952,3632,27,0,0
2021-01-17,355478,2987,3333,35,0,0
2021-01-18,357333,2994,1855,7,0,0
2021-01-19,358909,3037,1576,43,0,0
2021-01-20,360913,3085,2004,48,0,0
2021-01-21,363614,3140,2701,55,0,0
2021-01-22,366576,3187,2962,47,0,0
2021-01-23,370751,3231,4175,44,0,0
2021-01-24,373703,3279,2952,48,0,0
2021-01-25,375487,3293,1784,14,0,0
2021-01-26,377079,3323,1592,30,0,0
2021-01-27,379789,3388,2710,65,0,0
2021-01-28,382120,3423,2331,35,0,0
2021-01-29,384921,3471,2801,48,0,0
2021-01-30,387307,3504,2386,33,0,0
2021-01-31,390197,3547,2890,43,0,0
2021-02-01,391611,3564,1414,17,0,0
2021-02-02,392923,3602,1312,38,0,0
2021-02-03,395062,3654,2139,52,0,0
2021-02-04,397858,3681,2796,27,0,0
2021-02-05,400527,3710,2669,29,0,0
2021-02-06,402590,3761,2063,51,0,0
2021-02-07,404782,3813,2192,52,0,0
2021-02-08,405839,3817,1057,4,0,0
2021-02-09,406920,3870,1081,53,0,0
2021-02-10,408592,3900,1672,30,0,0
2021-02-11,410288,3948,1696,48,0,0
2021-02-12,411727,3959,1439,11,0,0
2021-02-13,413201,3994,1474,35,0,0
2021-02-14,414478,4024,1277,30,0,0
2021-02-15,415210,4041,732,17,0,0
2021-02-16,415726,4061,516,20,0,0
2021-02-17,416805,4089,1079,28,0,0
2021-02-18,417442,4112,637,23,0,0
2021-02-19,418319,4132,877,20,0,0
2021-02-20,419298,4155,979,23,0,0
2021-02-21,420345,4181,1047,26,0,0
2021-02-22,420856,4203,511,22,0,0
2021-02-23,421223,4227,367,24,0,0
2021-02-24,422038,4264,815,37,0,0
2021-02-25,423191,4302,1153,38,0,0
2021-02-26,424062,4320,871,18,0,0
2021-02-27,424843,4379,781,59,0,0
2021-02-28,425557,4428,714,49,0,0
2021-03-01,425946,4478,389,50,0,0
2021-03-02,426065,4534,119,56,0,0
2021-03-03,426821,4534,756,0,0,0
2021-03-04,427722,4534,901,0,0,0
2021-03-05,428645,4534,923,0,0,0
2021-03-06,429635,4534,990,0,0,0
2021-03-07,430103,4534,468,0,0,0
2021-03-08,430286,4534,183,0,0,0
2021-03-09,430565,4701,279,167,0,0
2021-03-10,431397,4701,832,0,0,0
2021-03-11,432103,4701,706,0,0,0
2021-03-12,432532,4701,429,0,0,0
2021-03-13,433168,4701,636,0,0,0
2021-03-14,433669,4701,501,0,0,0
2021-03-15,433996,4701,327,0,0,0
2021-03-16,434239,4788,243,87,0,0
2021-03-17,434745,4788,506,0,0,0
2021-03-18,435317,4788,572,0,0,0
2021-03-19,435742,4788,425,0,0,0
2021-03-20,435747,4788,5,0,0,0
2021-03-21,435755,4788,8,0,0,0
2021-03-22,436730,4788,975,0,0,0
2021-03-23,436929,4788,199,0,0,0
2021-03-24,437439,4850,510,62,0,0
2021-03-25,437821,4850,382,0,0,0
2021-03-26,438295,4850,474,0,0,0
2021-03-27,438306,4850,11,0,0,0
2021-03-28,438319,4850,13,0,0,0
2021-03-29,439210,4850,891,0,0,0
2021-03-30,439340,4850,130,0,0,0
2021-03-31,439740,4953,400,103,0,0
2021-04-01,440164,4953,424,0,0,0
2021-04-02,440545,4953,381,0,0,0
2021-04-03,440547,4953,2,0,0,0
2021-04-04,440547,4953,0,0,0,0
2021-04-05,441436,4953,889,0,0,0
2021-04-06,440142,4953,-1294,0,0,0
2021-04-07,441906,6669,1764,1716,0,0
2021-04-08,442389,6669,483,0,0,0
2021-04-09,442805,6669,416,0,0,0
2021-04-10,442805,6669,0,0,0,0
2021-04-11,442805,6669,0,0,0,0
2021-04-12,443773,6669,968,0,0,0
2021-04-13,443882,6669,109,0,0,0
2021-04-14,444228,6697,346,28,0,0
2021-04-15,444590,6697,362,0,0,0
2021-04-16,444863,6697,273,0,0,0
2021-04-17,444863,6697,0,0,0,0
2021-04-18,444863,6697,0,0,0,0
2021-04-19,445650,6697,787,0,0,0
2021-04-20,445725,6697,75,0,0,0
2021-04-21,445963,6716,238,19,0,0
2021-04-22,446246,6716,283,0,0,0
2021-04-23,446550,6716,304,0,0,0
2021-04-24,446550,6716,0,0,0,0
2021-04-25,446550,6716,0,0,0,0
2021-04-26,447278,6716,728,0,0,0
2021-04-27,447393,6716,115,0,0,0
2021-04-28,447642,6788,249,72,0,0
2021-04-29,447931,6788,289,0,0,0
2021-04-30,448305,6788,374,0,0,0
2021-05-01,448305,6788,0,0,0,0
2021-05-02,448305,6788,0,0,0,0
2021-05-03,448872,6788,567,0,0,0
2021-05-04,449041,6788,169,0,0,0
2021-05-05,449266,6832,225,44,0,0
2021-05-06,449414,6832,148,0,0,0
2021-05-07,449648,6832,234,0,0,0
2021-05-08,449648,6832,0,0,0,0
2021-05-09,449648,6832,0,0,0,0
2021-05-10,450315,6832,667,0,0,0
2021-05-11,450400,6832,85,0,0,0
2021-05-12,450543,6878,143,46,0,0
2021-05-13,450696,6878,153,0,0,0
2021-05-14,450847,6878,151,0,0,0
2021-05-15,450847,6878,0,0,0,0
2021-05-16,450847,6878,0,0,0,0
2021-05-17,451278,6878,431,0,0,0
2021-05-18,451349,6878,71,0,0,0
2021-05-19,451473,6918,124,40,0,0
2021-05-20,451645,6918,172,0,0,0
2021-05-21,451830,6918,185,0,0,0
2021-05-22,451830,6918,0,0,0,0
2021-05-23,451830,6918,0,0,0,0
