"date","positive","death","positiveIncrease","deathIncrease","hospitalized","hospitalizedIncrease"
2020-04-13,2942,98,161,2,549,1
2020-04-14,3087,111,145,13,596,47
2020-04-15,3360,122,273,11,645,49
2020-04-16,3624,129,264,7,682,37
2020-04-17,3793,140,169,11,736,54
2020-04-18,3974,152,181,12,782,46
2020-04-19,4274,159,300,7,808,26
2020-04-20,4512,169,238,10,819,11
2020-04-21,4716,183,204,14,858,39
2020-04-22,4894,193,178,10,910,52
2020-04-23,5153,201,259,8,946,36
2020-04-24,5434,209,281,8,970,24
2020-04-25,5718,221,284,12,996,26
2020-04-26,5911,227,193,6,1001,5
2020-04-27,6094,229,183,2,1060,59
2020-04-28,6342,239,248,10,1088,28
2020-04-29,6569,250,227,11,1126,38
2020-04-30,6815,261,246,11,1175,49
2020-05-01,7212,281,397,20,1226,51
2020-05-02,7441,291,229,10,1265,39
2020-05-03,7550,303,109,12,1298,33
2020-05-04,7877,310,327,7,1316,18
2020-05-05,8207,342,330,32,1352,36
2020-05-06,8424,374,217,32,1392,40
2020-05-07,8686,396,262,22,1442,50
2020-05-08,9090,409,404,13,1478,36
2020-05-09,9378,421,288,12,1512,34
2020-05-10,9501,430,123,9,1531,19
2020-05-11,9674,435,173,5,1546,15
2020-05-12,9908,457,234,22,1582,36
2020-05-13,10090,465,182,8,1616,34
2020-05-14,10483,480,393,15,1667,51
2020-05-15,10801,493,318,13,1712,45
2020-05-16,11123,510,322,17,1748,36
2020-05-17,11296,521,173,11,1773,25
2020-05-18,11432,527,136,6,1805,32
2020-05-19,11704,554,272,27,1840,35
2020-05-20,11967,570,263,16,1901,61
2020-05-21,12222,580,255,10,1932,31
2020-05-22,12625,595,403,15,1966,34
2020-05-23,13005,616,380,21,1996,30
2020-05-24,13260,625,255,9,2023,27
2020-05-25,13458,635,198,10,2046,23
2020-05-26,13731,652,273,17,2070,24
2020-05-27,14044,670,313,18,2106,36
2020-05-28,14372,693,328,23,2147,41
2020-05-29,14793,710,421,17,2208,61
2020-05-30,15229,723,436,13,2240,32
2020-05-31,15523,734,294,11,2272,32
2020-06-01,15752,739,229,5,2296,24
2020-06-02,16041,767,289,28,2296,0
2020-06-03,16322,782,281,15,2340,44
2020-06-04,16560,794,238,12,2340,0
2020-06-05,16769,803,209,9,2475,135
2020-06-06,17039,811,270,8,2475,0
2020-06-07,17270,817,231,6,2522,47
2020-06-08,17768,837,498,20,2535,13
2020-06-09,18123,847,355,10,2535,0
2020-06-10,18483,868,360,21,2614,79
2020-06-11,18483,868,0,0,2614,0
2020-06-12,19091,881,608,13,2643,29
2020-06-13,19348,889,257,8,2644,1
2020-06-14,19516,891,168,2,2665,21
2020-06-15,19799,895,283,4,2680,15
2020-06-16,20152,915,353,20,2728,48
2020-06-17,20641,938,489,23,2767,39
2020-06-18,20641,938,0,0,2767,0
2020-06-19,20641,938,0,0,2767,0
2020-06-20,20641,938,0,0,2767,0
2020-06-21,20641,938,0,0,2767,0
2020-06-22,22329,978,1688,40,2881,114
2020-06-23,22898,989,569,11,2915,34
2020-06-24,23424,1011,526,22,2946,31
2020-06-25,24516,1016,1092,5,2998,52
2020-06-26,25066,1022,550,6,3044,46
2020-06-27,25531,1035,465,13,3078,34
2020-06-28,25892,1039,361,4,3102,24
2020-06-29,26567,1059,675,20,3115,13
2020-06-30,27247,1073,680,14,3156,41
2020-07-01,27900,1082,653,9,3177,21
2020-07-02,28770,1092,870,10,3208,31
2020-07-03,29684,1103,914,11,3208,0
2020-07-04,30674,1107,990,4,3268,60
2020-07-05,30900,1111,226,4,3268,0
2020-07-06,31257,1114,357,3,3280,12
2020-07-07,32214,1158,957,44,3315,35
2020-07-08,32888,1188,674,30,3365,50
2020-07-09,33591,1204,703,16,3414,49
2020-07-10,34622,1215,1031,11,3455,41
2020-07-11,35419,1230,797,15,3495,40
2020-07-12,36287,1249,868,19,3495,0
2020-07-13,36680,1250,393,1,3530,35
2020-07-14,37542,1272,862,22,3585,55
2020-07-15,38567,1290,1025,18,3629,44
2020-07-16,39797,1308,1230,18,3675,46
2020-07-17,40829,1332,1032,24,3712,37
2020-07-18,41846,1346,1017,14,3727,15
2020-07-19,42638,1355,792,9,3727,0
2020-07-20,43889,1358,1251,3,3766,39
2020-07-21,45524,1389,1635,31,3797,31
2020-07-22,47071,1423,1547,34,3844,47
2020-07-23,48053,1436,982,13,3878,34
2020-07-24,49585,1463,1532,27,3923,45
2020-07-25,50981,1478,1396,15,3982,59
2020-07-26,52154,1493,1173,15,3982,0
2020-07-27,52781,1498,627,5,4032,50
2020-07-28,54085,1540,1304,42,4103,71
2020-07-29,55804,1563,1719,23,4152,49
2020-07-30,57579,1611,1775,48,4213,61
2020-07-31,58747,1663,1168,52,4276,63
2020-08-01,59881,1693,1134,30,4314,38
2020-08-02,60553,1703,672,10,4314,0
2020-08-03,61125,1711,572,8,4380,66
2020-08-04,62199,1753,1074,42,4424,44
2020-08-05,63444,1804,1245,51,4472,48
2020-08-06,64400,1825,956,21,4511,39
2020-08-07,65436,1848,1036,23,4577,66
2020-08-08,66646,1874,1210,26,4606,29
2020-08-09,67173,1896,527,22,4606,0
2020-08-10,67649,1912,476,16,4680,74
2020-08-11,68293,1944,644,32,4738,58
2020-08-12,69374,1989,1081,45,4794,56
2020-08-13,69986,2011,612,22,4847,53
2020-08-14,70930,2043,944,32,4873,26
2020-08-15,71755,2080,825,37,4916,43
2020-08-16,72136,2084,381,4,4916,0
2020-08-17,72412,2095,276,11,4989,73
2020-08-18,73207,2127,795,32,5025,36
2020-08-19,74555,2163,1348,36,5063,38
2020-08-20,75449,2190,894,27,5097,34
2020-08-21,76323,2214,874,24,5127,30
2020-08-22,77268,2237,945,23,5149,22
2020-08-23,77894,2240,626,3,5149,0
2020-08-24,78405,2248,511,8,5179,30
2020-08-25,79206,2315,801,67,5208,29
2020-08-26,80110,2373,904,58,5234,26
2020-08-27,80695,2399,585,26,5267,33
2020-08-28,81294,2413,599,14,0,0
2020-08-29,82029,2427,735,14,0,0
2020-08-30,82676,2441,647,14,0,0
2020-08-31,82950,2473,274,32,0,0
2020-09-01,83584,2493,634,20,0,0
2020-09-02,84365,2526,781,33,0,0
2020-09-03,85116,2536,751,10,0,0
2020-09-04,85939,2558,823,22,0,0
2020-09-05,86478,2569,539,11,0,0
2020-09-06,86888,2584,410,15,0,0
2020-09-07,87130,2585,242,1,0,0
2020-09-08,87379,2585,249,0,0,0
2020-09-09,87805,2623,426,38,0,0
2020-09-10,88322,2656,517,33,0,0
2020-09-11,89175,2670,853,14,0,0
2020-09-12,89620,2685,445,15,0,0
2020-09-13,89874,2697,254,12,0,0
2020-09-14,90018,2706,144,9,0,0
2020-09-15,90523,2734,505,28,0,0
2020-09-16,91234,2756,711,22,0,0
2020-09-17,91935,2780,701,24,0,0
2020-09-18,92432,2792,497,12,0,0
2020-09-19,93087,2809,655,17,0,0
2020-09-20,93364,2810,277,1,0,0
2020-09-21,93556,2810,192,0,0,0
2020-09-22,94021,2846,465,36,0,0
2020-09-23,94573,2870,552,24,0,0
2020-09-24,95310,2874,737,4,0,0
2020-09-25,96032,2894,722,20,0,0
2020-09-26,96677,2911,645,17,0,0
2020-09-27,96859,2919,182,8,0,0
2020-09-28,97049,2921,190,2,0,0
2020-09-29,97638,2957,589,36,0,0
2020-09-30,98190,2969,552,12,0,0
2020-10-01,98886,2979,696,10,0,0
2020-10-02,99558,2999,672,20,0,0
2020-10-03,100167,3011,609,12,0,0
2020-10-04,100488,3013,321,2,0,0
2020-10-05,100703,3013,215,0,0,0
2020-10-06,101678,3027,975,14,0,0
2020-10-07,102241,3051,563,24,0,0
2020-10-08,102819,3074,578,23,0,0
2020-10-09,103681,3080,862,6,0,0
2020-10-10,104638,3096,957,16,0,0
2020-10-11,104932,3101,294,5,0,0
2020-10-12,105228,3101,296,0,0,0
2020-10-13,105941,3115,713,14,0,0
2020-10-14,106817,3140,876,25,0,0
2020-10-15,108139,3152,1322,12,0,0
2020-10-16,109255,3160,1116,8,0,0
2020-10-17,110006,3171,751,11,0,0
2020-10-18,110006,3171,0,0,0,0
2020-10-19,110592,3171,586,0,0,0
2020-10-20,111322,3202,730,31,0,0
2020-10-21,112123,3223,801,21,0,0
2020-10-22,113081,3231,958,8,0,0
2020-10-23,113876,3238,795,7,0,0
2020-10-24,115088,3255,1212,17,0,0
2020-10-25,115088,3255,0,0,0,0
2020-10-26,115763,3263,675,8,0,0
2020-10-27,116617,3283,854,20,0,0
2020-10-28,117617,3302,1000,19,0,0
2020-10-29,118587,3310,970,8,0,0
2020-10-30,119336,3328,749,18,0,0
2020-10-31,120160,3334,824,6,0,0
2020-11-01,120500,3348,340,14,0,0
2020-11-02,120865,3348,365,0,0,0
2020-11-03,121509,3384,644,36,0,0
2020-11-04,122275,3397,766,13,0,0
2020-11-05,123887,3405,1612,8,0,0
2020-11-06,124854,3419,967,14,0,0
2020-11-07,125885,3433,1031,14,0,0
2020-11-08,126689,3443,804,10,0,0
2020-11-09,127205,3443,516,0,0,0
2020-11-10,128138,3480,933,37,0,0
2020-11-11,129394,3497,1256,17,0,0
2020-11-12,130665,3514,1271,17,0,0
2020-11-13,131970,3519,1305,5,0,0
2020-11-14,133340,3540,1370,21,0,0
2020-11-15,134309,3543,969,3,0,0
2020-11-16,134898,3545,589,2,0,0
2020-11-17,135803,3581,905,36,0,0
2020-11-18,137396,3601,1593,20,0,0
2020-11-19,138791,3619,1395,18,0,0
2020-11-20,140429,3642,1638,23,0,0
2020-11-21,142401,3657,1972,15,0,0
2020-11-22,143180,3676,779,19,0,0
2020-11-23,143879,3676,699,0,0,0
2020-11-24,144544,3729,665,53,0,0
2020-11-25,145636,3745,1092,16,0,0
2020-11-26,147382,3763,1746,18,0,0
2020-11-27,148387,3769,1005,6,0,0
2020-11-28,149940,3779,1553,10,0,0
2020-11-29,151785,3806,1845,27,0,0
2020-11-30,153270,3807,1485,1,0,0
2020-12-01,154411,3836,1141,29,0,0
2020-12-02,156868,3851,2457,15,0,0
2020-12-03,159036,3879,2168,28,0,0
2020-12-04,161516,3916,2480,37,0,0
2020-12-05,163458,3949,1942,33,0,0
2020-12-06,164931,3961,1473,12,0,0
2020-12-07,166194,3961,1263,0,0,0
2020-12-08,167926,4017,1732,56,0,0
2020-12-09,170672,4041,2746,24,0,0
2020-12-10,172955,4083,2283,42,0,0
2020-12-11,175282,4124,2327,41,0,0
2020-12-12,177947,4180,2665,56,0,0
2020-12-13,179447,4199,1500,19,0,0
2020-12-14,181095,4204,1648,5,0,0
2020-12-15,183300,4252,2205,48,0,0
2020-12-16,185643,4294,2343,42,0,0
2020-12-17,187904,4320,2261,26,0,0
2020-12-18,190411,4354,2507,34,0,0
2020-12-19,192111,4390,1700,36,0,0
2020-12-20,194333,4409,2222,19,0,0
2020-12-21,195500,4411,1167,2,0,0
2020-12-22,197691,4490,2191,79,0,0
2020-12-23,200325,4533,2634,43,0,0
2020-12-24,202651,4556,2326,23,0,0
2020-12-25,204178,4562,1527,6,0,0
2020-12-26,205023,4565,845,3,0,0
2020-12-27,206388,4606,1365,41,0,0
2020-12-28,208089,4634,1701,28,0,0
2020-12-29,210032,4719,1943,85,0,0
2020-12-30,213055,4747,3023,28,0,0
2020-12-31,215811,4787,2756,40,0,0
2021-01-01,218386,4816,2575,29,0,0
2021-01-02,220277,4840,1891,24,0,0
2021-01-03,222061,4871,1784,31,0,0
2021-01-04,223677,4884,1616,13,0,0
2021-01-05,225444,4975,1767,91,0,0
2021-01-06,228235,5013,2791,38,0,0
2021-01-07,228235,5013,0,0,0,0
2021-01-08,233665,5101,5430,88,0,0
2021-01-09,236868,5146,3203,45,0,0
2021-01-10,239082,5167,2214,21,0,0
2021-01-11,240309,5186,1227,19,0,0
2021-01-12,241957,5284,1648,98,0,0
2021-01-13,243899,5315,1942,31,0,0
2021-01-14,245847,5356,1948,41,0,0
2021-01-15,248189,5411,2342,55,0,0
2021-01-16,250869,5481,2680,70,0,0
2021-01-17,252475,5521,1606,40,0,0
2021-01-18,253932,5524,1457,3,0,0
2021-01-19,255125,5574,1193,50,0,0
2021-01-20,256827,5638,1702,64,0,0
2021-01-21,259117,5668,2290,30,0,0
2021-01-22,261167,5713,2050,45,0,0
2021-01-23,263023,5752,1856,39,0,0
2021-01-24,264219,5772,1196,20,0,0
2021-01-25,265146,5777,927,5,0,0
2021-01-26,266598,5852,1452,75,0,0
2021-01-27,268672,5917,2074,65,0,0
2021-01-28,270476,5945,1804,28,0,0
2021-01-29,272662,5983,2186,38,0,0
2021-01-30,274190,6018,1528,35,0,0
2021-01-31,275001,6045,811,27,0,0
2021-02-01,275706,6056,705,11,0,0
2021-02-02,276531,6132,825,76,0,0
2021-02-03,277322,6158,791,26,0,0
2021-02-04,278532,6182,1210,24,0,0
2021-02-05,279742,6222,1210,40,0,0
2021-02-06,280778,6266,1036,44,0,0
2021-02-07,281678,6269,900,3,0,0
2021-02-08,282313,6270,635,1,0,0
2021-02-09,282969,6342,656,72,0,0
2021-02-10,283753,6367,784,25,0,0
2021-02-11,284664,6390,911,23,0,0
2021-02-12,285648,6429,984,39,0,0
2021-02-13,286343,6461,695,32,0,0
2021-02-14,287436,6462,1093,1,0,0
2021-02-15,287980,6464,544,2,0,0
2021-02-16,288714,6501,734,37,0,0
2021-02-17,289398,6524,684,23,0,0
2021-02-18,289532,6531,134,7,0,0
2021-02-19,289892,6534,360,3,0,0
2021-02-20,290242,6553,350,19,0,0
2021-02-21,290632,6553,390,0,0,0
2021-02-22,290874,6553,242,0,0,0
2021-02-23,291222,6577,348,24,0,0
2021-02-24,291891,6605,669,28,0,0
2021-02-25,292811,6613,920,8,0,0
2021-02-26,293542,6638,731,25,0,0
2021-02-27,294091,6669,549,31,0,0
2021-02-28,294795,6681,704,12,0,0
2021-03-01,294994,6681,199,0,0,0
2021-03-02,295295,6724,301,43,0,0
2021-03-03,295675,6743,380,19,0,0
2021-03-04,296154,6764,479,21,0,0
2021-03-05,296745,6783,591,19,0,0
2021-03-06,297321,6805,576,22,0,0
2021-03-07,297581,6808,260,3,0,0
2021-03-08,297651,6808,70,0,0,0
2021-03-09,298008,6834,357,26,0,0
2021-03-10,298445,6845,437,11,0,0
2021-03-11,299124,6864,679,19,0,0
2021-03-12,299887,6883,763,19,0,0
2021-03-13,300577,6896,690,13,0,0
2021-03-14,300780,6901,203,5,0,0
2021-03-15,300881,6903,101,2,0,0
2021-03-16,301250,6929,369,26,0,0
2021-03-17,301602,6936,352,7,0,0
2021-03-18,301924,6938,322,2,0,0
2021-03-19,302316,6945,392,7,0,0
2021-03-20,302677,6955,361,10,0,0
2021-03-21,302837,6956,160,1,0,0
2021-03-22,302932,6956,95,0,0,0
2021-03-23,303238,6977,306,21,0,0
2021-03-24,303625,6981,387,4,0,0
2021-03-25,303942,6987,317,6,0,0
2021-03-26,304210,6998,268,11,0,0
2021-03-27,304420,7000,210,2,0,0
2021-03-28,304616,7001,196,1,0,0
2021-03-29,304695,7001,79,0,0,0
2021-03-30,304858,7013,163,12,0,0
2021-03-31,305146,7032,288,19,0,0
2021-04-01,305417,7048,271,16,0,0
2021-04-02,305701,7051,284,3,0,0
2021-04-03,305991,7055,290,4,0,0
2021-04-04,306088,7055,97,0,0,0
2021-04-05,306158,7055,70,0,0,0
2021-04-06,306341,7073,183,18,0,0
2021-04-07,306611,7077,270,4,0,0
2021-04-08,306851,7082,240,5,0,0
2021-04-09,307094,7086,243,4,0,0
2021-04-10,307332,7095,238,9,0,0
2021-04-11,307449,7096,117,1,0,0
2021-04-12,307519,7096,70,0,0,0
2021-04-13,307836,7119,317,23,0,0
2021-04-14,308111,7122,275,3,0,0
2021-04-15,308521,7127,410,5,0,0
2021-04-16,308737,7139,216,12,0,0
2021-04-17,309029,7153,292,14,0,0
2021-04-18,309186,7153,157,0,0,0
2021-04-19,309223,7153,37,0,0,0
2021-04-20,309585,7161,362,8,0,0
2021-04-21,309818,7163,233,2,0,0
2021-04-22,310137,7173,319,10,0,0
2021-04-23,310349,7175,212,2,0,0
2021-04-24,310349,7175,0,0,0,0
2021-04-25,310349,7175,0,0,0,0
2021-04-26,310987,7178,638,3,0,0
2021-04-27,311159,7188,172,10,0,0
2021-04-28,311493,7193,334,5,0,0
2021-04-29,311654,7195,161,2,0,0
2021-04-30,311900,7199,246,4,0,0
2021-05-01,311900,7199,0,0,0,0
2021-05-02,311900,7199,0,0,0,0
2021-05-03,312400,7207,500,8,0,0
2021-05-04,312608,7221,208,14,0,0
2021-05-05,312712,7223,104,2,0,0
2021-05-06,312926,7226,214,3,0,0
2021-05-07,313166,7228,240,2,0,0
2021-05-08,313166,7228,0,0,0,0
2021-05-09,313166,7228,0,0,0,0
2021-05-10,313675,7234,509,6,0,0
2021-05-11,313942,7240,267,6,0,0
2021-05-12,314147,7244,205,4,0,0
2021-05-13,314509,7247,362,3,0,0
2021-05-14,314710,7254,201,7,0,0
2021-05-15,314710,7254,0,0,0,0
2021-05-16,314710,7254,0,0,0,0
2021-05-17,315026,7257,316,3,0,0
2021-05-18,315634,7268,608,11,0,0
2021-05-19,315891,7269,257,1,0,0
2021-05-20,316167,7278,276,9,0,0
2021-05-21,316272,7279,105,1,0,0
2021-05-22,316272,7279,0,0,0,0
2021-05-23,316272,7279,0,0,0,0
