"date","positive","death","positiveIncrease","deathIncrease","hospitalized","hospitalizedIncrease"
2020-04-13,504,9,5,0,44,0
2020-04-14,511,9,7,0,44,0
2020-04-15,524,9,13,0,45,1
2020-04-16,530,9,6,0,45,0
2020-04-17,541,9,11,0,45,0
2020-04-18,574,9,33,0,48,3
2020-04-19,580,10,6,1,51,3
2020-04-20,584,10,4,0,52,1
2020-04-21,586,10,2,0,55,3
2020-04-22,592,12,6,2,56,1
2020-04-23,596,12,4,0,63,7
2020-04-24,601,13,5,1,67,4
2020-04-25,605,13,4,0,67,0
2020-04-26,606,14,1,1,68,1
2020-04-27,607,16,1,2,68,0
2020-04-28,609,16,2,0,68,0
2020-04-29,613,16,4,0,69,1
2020-04-30,618,16,5,0,69,0
2020-05-01,619,16,1,0,70,1
2020-05-02,620,16,1,0,72,2
2020-05-03,620,17,0,1,72,0
2020-05-04,621,17,1,0,73,1
2020-05-05,625,17,4,0,73,0
2020-05-06,626,17,1,0,73,0
2020-05-07,629,17,3,0,74,1
2020-05-08,629,17,0,0,74,0
2020-05-09,631,17,2,0,81,7
2020-05-10,632,17,1,0,81,0
2020-05-11,634,17,2,0,81,0
2020-05-12,635,17,1,0,81,0
2020-05-13,638,17,3,0,81,0
2020-05-14,637,17,-1,0,81,0
2020-05-15,638,17,1,0,81,0
2020-05-16,639,17,1,0,81,0
2020-05-17,640,17,1,0,82,1
2020-05-18,640,17,0,0,82,0
2020-05-19,641,17,1,0,82,0
2020-05-20,643,17,2,0,82,0
2020-05-21,647,17,4,0,82,0
2020-05-22,642,17,-5,0,83,1
2020-05-23,643,17,1,0,84,1
2020-05-24,643,17,0,0,84,0
2020-05-25,643,17,0,0,84,0
2020-05-26,643,17,0,0,84,0
2020-05-27,644,17,1,0,83,-1
2020-05-28,647,17,3,0,83,0
2020-05-29,649,17,2,0,83,0
2020-05-30,651,17,2,0,83,0
2020-05-31,652,17,1,0,83,0
2020-06-01,652,17,0,0,83,0
2020-06-02,653,17,1,0,83,0
2020-06-03,653,17,0,0,83,0
2020-06-04,655,17,2,0,83,0
2020-06-05,664,17,9,0,83,0
2020-06-06,673,17,9,0,83,0
2020-06-07,675,17,2,0,83,0
2020-06-08,676,17,1,0,84,1
2020-06-09,682,17,6,0,84,0
2020-06-10,685,17,3,0,84,0
2020-06-11,692,17,7,0,85,1
2020-06-12,706,17,14,0,86,1
2020-06-13,723,17,17,0,87,1
2020-06-14,728,17,5,0,89,2
2020-06-15,736,17,8,0,91,2
2020-06-16,736,17,0,0,91,0
2020-06-17,744,17,8,0,92,1
2020-06-18,762,17,18,0,95,3
2020-06-19,789,17,27,0,95,0
2020-06-20,789,17,0,0,96,1
2020-06-21,814,17,25,0,96,0
2020-06-22,816,17,2,0,97,1
2020-06-23,819,17,3,0,99,2
2020-06-24,835,17,16,0,104,5
2020-06-25,851,17,16,0,105,1
2020-06-26,866,17,15,0,109,4
2020-06-27,872,18,6,1,109,0
2020-06-28,899,18,27,0,110,1
2020-06-29,900,18,1,0,111,1
2020-06-30,917,18,17,0,111,0
2020-07-01,926,18,9,0,113,2
2020-07-02,946,18,20,0,116,3
2020-07-03,975,19,29,1,116,0
2020-07-04,999,19,24,0,118,2
2020-07-05,1023,19,24,0,118,0
2020-07-06,1030,19,7,0,118,0
2020-07-07,1071,19,41,0,119,1
2020-07-08,1094,19,23,0,119,0
2020-07-09,1130,19,36,0,122,3
2020-07-10,1158,19,28,0,123,1
2020-07-11,1200,19,42,0,125,2
2020-07-12,1220,19,20,0,125,0
2020-07-13,1243,22,23,3,125,0
2020-07-14,1264,22,21,0,128,3
2020-07-15,1292,22,28,0,133,5
2020-07-16,1311,22,19,0,137,4
2020-07-17,1334,23,23,1,138,1
2020-07-18,1354,24,20,1,139,1
2020-07-19,1381,24,27,0,140,1
2020-07-20,1393,24,12,0,150,10
2020-07-21,1418,24,25,0,150,0
2020-07-22,1435,25,17,1,151,1
2020-07-23,1490,26,55,1,154,3
2020-07-24,1549,26,59,0,155,1
2020-07-25,1620,26,71,0,156,1
2020-07-26,1683,26,63,0,161,5
2020-07-27,1711,26,28,0,163,2
2020-07-28,1757,26,46,0,165,2
2020-07-29,1865,26,108,0,167,2
2020-07-30,1989,26,124,0,173,6
2020-07-31,2111,26,122,0,177,4
2020-08-01,2197,26,86,0,179,2
2020-08-02,2242,26,45,0,194,15
2020-08-03,2448,26,206,0,199,5
2020-08-04,2591,27,143,1,201,2
2020-08-05,2763,27,172,0,208,7
2020-08-06,2914,29,151,2,214,6
2020-08-07,3115,31,201,2,225,11
2020-08-08,3346,31,231,0,231,6
2020-08-09,3498,31,152,0,237,6
2020-08-10,3638,34,140,3,239,2
2020-08-11,3756,34,118,0,242,3
2020-08-12,3958,38,202,4,260,18
2020-08-13,4312,40,354,2,267,7
2020-08-14,4543,40,231,0,267,0
2020-08-15,4825,40,282,0,277,10
2020-08-16,5042,40,217,0,279,2
2020-08-17,5215,40,173,0,283,4
2020-08-18,5349,41,134,1,288,5
2020-08-19,5609,42,260,1,303,15
2020-08-20,5844,45,235,3,317,14
2020-08-21,6072,46,228,1,317,0
2020-08-22,6356,47,284,1,337,20
2020-08-23,6600,47,244,0,377,40
2020-08-24,6769,49,169,2,396,19
2020-08-25,6984,49,215,0,419,23
2020-08-26,7260,51,276,2,419,0
2020-08-27,7566,55,306,4,444,25
2020-08-28,7830,59,264,4,0,0
2020-08-29,8139,62,309,3,0,0
2020-08-30,8339,63,200,1,0,0
2020-08-31,8472,70,133,7,0,0
2020-09-01,8653,74,181,4,0,0
2020-09-02,8991,75,338,1,0,0
2020-09-03,9202,79,211,4,0,0
2020-09-04,9473,81,271,2,0,0
2020-09-05,9693,84,220,3,0,0
2020-09-06,9855,85,162,1,0,0
2020-09-07,9959,86,104,1,0,0
2020-09-08,10025,88,66,2,0,0
2020-09-09,10123,91,98,3,0,0
2020-09-10,10292,94,169,3,0,0
2020-09-11,10459,96,167,2,0,0
2020-09-12,10588,97,129,1,0,0
2020-09-13,10700,99,112,2,0,0
2020-09-14,10779,99,79,0,0,0
2020-09-15,10844,100,65,1,0,0
2020-09-16,10946,103,102,3,0,0
2020-09-17,11105,107,159,4,0,0
2020-09-18,11217,120,112,13,0,0
2020-09-19,11326,120,109,0,0,0
2020-09-20,11403,120,77,0,0,0
2020-09-21,11459,120,56,0,0,0
2020-09-22,11522,120,63,0,0,0
2020-09-23,11689,122,167,2,0,0
2020-09-24,11779,124,90,2,0,0
2020-09-25,11891,127,112,3,0,0
2020-09-26,12018,131,127,4,0,0
2020-09-27,12116,132,98,1,0,0
2020-09-28,12203,132,87,0,0,0
2020-09-29,12290,134,87,2,0,0
2020-09-30,12410,136,120,2,0,0
2020-10-01,12515,139,105,3,0,0
2020-10-02,12601,142,86,3,0,0
2020-10-03,12734,153,133,11,0,0
2020-10-04,12804,156,70,3,0,0
2020-10-05,12854,157,50,1,0,0
2020-10-06,12937,160,83,3,0,0
2020-10-07,13045,163,108,3,0,0
2020-10-08,13146,164,101,1,0,0
2020-10-09,13300,166,154,2,0,0
2020-10-10,13371,168,71,2,0,0
2020-10-11,13472,169,101,1,0,0
2020-10-12,13514,169,42,0,0,0
2020-10-13,13575,173,61,4,0,0
2020-10-14,13674,183,99,10,0,0
2020-10-15,13764,184,90,1,0,0
2020-10-16,13853,185,89,1,0,0
2020-10-17,13949,186,96,1,0,0
2020-10-18,14031,187,82,1,0,0
2020-10-19,14068,187,37,0,0,0
2020-10-20,14156,189,88,2,0,0
2020-10-21,14233,203,77,14,0,0
2020-10-22,14335,206,102,3,0,0
2020-10-23,14464,209,129,3,0,0
2020-10-24,14553,212,89,3,0,0
2020-10-25,14672,212,119,0,0,0
2020-10-26,14709,212,37,0,0,0
2020-10-27,14773,215,64,3,0,0
2020-10-28,14834,213,61,-2,0,0
2020-10-29,14911,215,77,2,0,0
2020-10-30,15003,216,92,1,0,0
2020-10-31,15071,219,68,3,0,0
2020-11-01,15154,219,83,0,0,0
2020-11-02,15231,219,77,0,0,0
2020-11-03,15318,219,87,0,0,0
2020-11-04,15473,219,155,0,0,0
2020-11-05,15572,219,99,0,0,0
2020-11-06,15691,219,119,0,0,0
2020-11-07,15819,220,128,1,0,0
2020-11-08,15947,221,128,1,0,0
2020-11-09,16010,221,63,0,0,0
2020-11-10,16320,222,310,1,0,0
2020-11-11,16437,222,117,0,0,0
2020-11-12,16534,222,97,0,0,0
2020-11-13,16652,222,118,0,0,0
2020-11-14,16759,222,107,0,0,0
2020-11-15,16759,222,0,0,0,0
2020-11-16,16853,222,94,0,0,0
2020-11-17,16905,222,52,0,0,0
2020-11-18,16974,223,69,1,0,0
2020-11-19,17081,223,107,0,0,0
2020-11-20,17199,224,118,1,0,0
2020-11-21,17361,231,162,7,0,0
2020-11-22,17483,233,122,2,0,0
2020-11-23,17596,233,113,0,0,0
2020-11-24,17656,233,60,0,0,0
2020-11-25,17764,235,108,2,0,0
2020-11-26,17881,237,117,2,0,0
2020-11-27,18006,240,125,3,0,0
2020-11-28,18082,240,76,0,0,0
2020-11-29,18138,244,56,4,0,0
2020-11-30,18223,244,85,0,0,0
2020-12-01,18266,244,43,0,0,0
2020-12-02,18342,244,76,0,0,0
2020-12-03,18484,246,142,2,0,0
2020-12-04,18605,256,121,10,0,0
2020-12-05,18738,261,133,5,0,0
2020-12-06,18842,262,104,1,0,0
2020-12-07,18923,262,81,0,0,0
2020-12-08,18976,262,53,0,0,0
2020-12-09,19056,266,80,4,0,0
2020-12-10,19179,268,123,2,0,0
2020-12-11,19315,269,136,1,0,0
2020-12-12,19708,271,393,2,0,0
2020-12-13,19676,274,-32,3,0,0
2020-12-14,19975,274,299,0,0,0
2020-12-15,19896,274,-79,0,0,0
2020-12-16,20058,278,162,4,0,0
2020-12-17,20231,280,173,2,0,0
2020-12-18,20413,281,182,1,0,0
2020-12-19,20565,281,152,0,0,0
2020-12-20,20817,282,252,1,0,0
2020-12-21,20881,282,64,0,0,0
2020-12-22,20879,282,-2,0,0,0
2020-12-23,21015,285,136,3,0,0
2020-12-24,21173,285,158,0,0,0
2020-12-25,21358,285,185,0,0,0
2020-12-26,21432,285,74,0,0,0
2020-12-27,21512,285,80,0,0,0
2020-12-28,21508,285,-4,0,0,0
2020-12-29,21609,285,101,0,0,0
2020-12-30,21748,285,139,0,0,0
2020-12-31,22007,288,259,3,0,0
2021-01-01,22397,289,390,1,0,0
2021-01-02,22448,289,51,0,0,0
2021-01-03,22560,289,112,0,0,0
2021-01-04,22602,289,42,0,0,0
2021-01-05,22757,289,155,0,0,0
2021-01-06,22917,299,160,10,0,0
2021-01-07,23400,299,483,0,0,0
2021-01-08,23704,303,304,4,0,0
2021-01-09,23897,308,193,5,0,0
2021-01-10,24045,309,148,1,0,0
2021-01-11,24201,309,156,0,0,0
2021-01-12,24261,309,60,0,0,0
2021-01-13,24352,312,91,3,0,0
2021-01-14,24598,318,246,6,0,0
2021-01-15,24789,318,191,0,0,0
2021-01-16,24969,320,180,2,0,0
2021-01-17,25064,322,95,2,0,0
2021-01-18,25187,322,123,0,0,0
2021-01-19,25195,324,8,2,0,0
2021-01-20,25278,325,83,1,0,0
2021-01-21,25441,328,163,3,0,0
2021-01-22,25658,332,217,4,0,0
2021-01-23,25758,336,100,4,0,0
2021-01-24,25925,342,167,6,0,0
2021-01-25,26019,342,94,0,0,0
2021-01-26,26030,401,11,59,0,0
2021-01-27,26164,404,134,3,0,0
2021-01-28,26263,406,99,2,0,0
2021-01-29,26460,407,197,1,0,0
2021-01-30,26545,407,85,0,0,0
2021-01-31,26596,410,51,3,0,0
2021-02-01,26692,410,96,0,0,0
2021-02-02,26734,410,42,0,0,0
2021-02-03,26814,414,80,4,0,0
2021-02-04,26953,416,139,2,0,0
2021-02-05,27101,416,148,0,0,0
2021-02-06,27192,416,91,0,0,0
2021-02-07,27236,418,44,2,0,0
2021-02-08,27225,418,-11,0,0,0
2021-02-09,27254,418,29,0,0,0
2021-02-10,27330,423,76,5,0,0
2021-02-11,27454,424,124,1,0,0
2021-02-12,27541,425,87,1,0,0
2021-02-13,27584,425,43,0,0,0
2021-02-14,27616,426,32,1,0,0
2021-02-15,27637,426,21,0,0,0
2021-02-16,27639,426,2,0,0,0
2021-02-17,27679,427,40,1,0,0
2021-02-18,27777,428,98,1,0,0
2021-02-19,27834,430,57,2,0,0
2021-02-20,27886,430,52,0,0,0
2021-02-21,27968,431,82,1,0,0
2021-02-22,28002,431,34,0,0,0
2021-02-23,28044,431,42,0,0,0
2021-02-24,28093,435,49,4,0,0
2021-02-25,28124,435,31,0,0,0
2021-02-26,28239,437,115,2,0,0
2021-02-27,28369,439,130,2,0,0
2021-02-28,28380,439,11,0,0,0
2021-03-01,28381,439,1,0,0,0
2021-03-02,28423,439,42,0,0,0
2021-03-03,28424,441,1,2,0,0
2021-03-04,28521,441,97,0,0,0
2021-03-05,28650,443,129,2,0,0
2021-03-06,28727,444,77,1,0,0
2021-03-07,28746,445,19,1,0,0
2021-03-08,28784,445,38,0,0,0
2021-03-09,28827,445,43,0,0,0
2021-03-10,28831,448,4,3,0,0
2021-03-11,28943,448,112,0,0,0
2021-03-12,29213,449,270,1,0,0
2021-03-13,29180,450,-33,1,0,0
2021-03-14,29219,451,39,1,0,0
2021-03-15,29259,451,40,0,0,0
2021-03-16,29307,451,48,0,0,0
2021-03-17,29397,451,90,0,0,0
2021-03-18,29505,451,108,0,0,0
2021-03-19,29763,452,258,1,0,0
2021-03-20,29765,453,2,1,0,0
2021-03-21,29830,454,65,1,0,0
2021-03-22,29915,454,85,0,0,0
2021-03-23,29916,454,1,0,0,0
2021-03-24,29974,457,58,3,0,0
2021-03-25,30095,458,121,1,0,0
2021-03-26,30265,459,170,1,0,0
2021-03-27,30377,462,112,3,0,0
2021-03-28,30479,462,102,0,0,0
2021-03-29,30579,462,100,0,0,0
2021-03-30,30654,462,75,0,0,0
2021-03-31,30754,463,100,1,0,0
2021-04-01,30867,463,113,0,0,0
2021-04-02,31129,463,262,0,0,0
2021-04-03,31241,467,112,4,0,0
2021-04-04,31337,467,96,0,0,0
2021-04-05,31430,467,93,0,0,0
2021-04-06,31489,467,59,0,0,0
2021-04-07,31565,467,76,0,0,0
2021-04-08,31687,470,122,3,0,0
2021-04-09,31862,470,175,0,0,0
2021-04-10,31975,471,113,1,0,0
2021-04-11,32067,471,92,0,0,0
2021-04-12,32137,471,70,0,0,0
2021-04-13,32200,471,63,0,0,0
2021-04-14,32271,473,71,2,0,0
2021-04-15,32366,473,95,0,0,0
2021-04-16,32548,474,182,1,0,0
2021-04-17,32647,474,99,0,0,0
2021-04-18,32758,474,111,0,0,0
2021-04-19,32823,474,65,0,0,0
2021-04-20,32867,474,44,0,0,0
2021-04-21,32938,474,71,0,0,0
2021-04-22,33035,476,97,2,0,0
2021-04-23,33178,477,143,1,0,0
2021-04-24,33229,478,51,1,0,0
2021-04-25,33351,478,122,0,0,0
2021-04-26,33418,478,67,0,0,0
2021-04-27,33468,479,50,1,0,0
2021-04-28,33537,482,69,3,0,0
2021-04-29,33659,483,122,1,0,0
2021-04-30,33851,483,192,0,0,0
2021-05-01,33970,483,119,0,0,0
2021-05-02,34082,483,112,0,0,0
2021-05-03,34156,484,74,1,0,0
2021-05-04,34234,484,78,0,0,0
2021-05-05,34296,485,62,1,0,0
2021-05-06,34424,486,128,1,0,0
2021-05-07,34469,486,45,0,0,0
2021-05-08,34667,487,198,1,0,0
2021-05-09,34748,488,81,1,0,0
2021-05-10,34808,488,60,0,0,0
2021-05-11,34870,488,62,0,0,0
2021-05-12,34917,489,47,1,0,0
2021-05-13,34991,489,74,0,0,0
2021-05-14,35131,490,140,1,0,0
2021-05-15,35235,491,104,1,0,0
2021-05-16,35359,492,124,1,0,0
2021-05-17,35432,492,73,0,0,0
2021-05-18,35487,492,55,0,0,0
2021-05-19,35585,492,98,0,0,0
2021-05-20,35665,492,80,0,0,0
2021-05-21,35726,494,61,2,0,0
2021-05-22,35819,494,93,0,0,0
2021-05-23,35867,496,48,2,0,0
