"date","positive","death","positiveIncrease","deathIncrease","hospitalized","hospitalizedIncrease"
2020-04-13,8359,483,431,35,0,0
2020-04-14,8527,529,168,46,0,0
2020-04-15,8960,567,433,38,0,0
2020-04-16,9542,601,582,34,0,0
2020-04-17,10154,637,612,36,0,0
2020-04-18,10641,665,487,28,0,0
2020-04-19,11211,702,570,37,0,0
2020-04-20,11688,740,477,38,0,0
2020-04-21,12097,790,409,50,0,0
2020-04-22,12438,841,341,51,0,0
2020-04-23,13039,879,601,38,0,0
2020-04-24,13681,916,642,37,0,0
2020-04-25,14399,958,718,42,1515,0
2020-04-26,15012,993,613,35,1446,-69
2020-04-27,15961,1036,949,43,1493,47
2020-04-28,16588,1072,627,36,0,0
2020-04-29,17182,1116,594,44,0,0
2020-04-30,17835,1161,653,45,0,0
2020-05-01,18630,1198,795,37,0,0
2020-05-02,19295,1242,665,44,0,0
2020-05-03,19933,1278,638,36,0,0
2020-05-04,20507,1317,574,39,0,0
2020-05-05,21033,1356,526,39,0,0
2020-05-06,21870,1400,837,44,0,0
2020-05-07,22503,1434,633,34,0,0
2020-05-08,23146,1462,643,28,4389,0
2020-05-09,23732,1495,586,33,4389,0
2020-05-10,24126,1529,394,34,4389,0
2020-05-11,24627,1571,501,42,4389,0
2020-05-12,25127,1610,500,39,0,0
2020-05-13,25473,1638,346,28,4389,0
2020-05-14,26053,1682,580,44,4389,0
2020-05-15,26656,1715,603,33,4389,0
2020-05-16,27280,1745,624,30,4389,0
2020-05-17,27778,1775,498,30,4389,0
2020-05-18,28255,1816,477,41,4389,0
2020-05-19,28705,1846,450,30,4389,0
2020-05-20,29274,1878,569,32,4389,0
2020-05-21,29936,1917,662,39,4389,0
2020-05-22,30409,1935,473,18,5285,896
2020-05-23,30901,1960,492,25,5285,0
2020-05-24,31376,1975,475,15,5285,0
2020-05-25,31715,1997,339,22,5285,0
2020-05-26,32078,2017,363,20,5285,0
2020-05-27,32437,2032,359,15,5285,0
2020-05-28,33068,2051,631,19,5285,0
2020-05-29,33558,2073,490,22,5285,0
2020-05-30,34211,2096,653,23,5285,0
2020-05-31,34574,2113,363,17,5285,0
2020-06-01,34830,2133,256,20,5860,575
2020-06-02,35237,2153,407,20,5902,42
2020-06-03,35712,2179,475,26,5952,50
2020-06-04,36096,2202,384,23,5999,47
2020-06-05,36578,2223,482,21,6053,54
2020-06-06,36997,2233,419,10,6091,38
2020-06-07,37397,2248,400,15,6136,45
2020-06-08,37623,2265,226,17,6179,43
2020-06-09,38033,2290,410,25,6225,46
2020-06-10,38337,2307,304,17,6261,36
2020-06-11,38748,2322,411,15,6314,53
2020-06-12,39146,2338,398,16,6349,35
2020-06-13,39543,2351,397,13,6349,0
2020-06-14,39909,2372,366,21,6419,70
2020-06-15,40430,2386,521,14,6451,32
2020-06-16,40786,2401,356,15,6481,30
2020-06-17,41013,2418,227,17,6526,45
2020-06-18,41438,2443,425,25,6589,63
2020-06-19,41746,2455,308,12,6731,142
2020-06-20,42061,2465,315,10,6755,24
2020-06-21,42423,2476,362,11,6788,33
2020-06-22,42633,2491,210,15,6819,31
2020-06-23,42871,2495,238,4,6853,34
2020-06-24,43140,2505,269,10,6883,30
2020-06-25,43655,2518,515,13,6912,29
2020-06-26,44140,2530,485,12,6944,32
2020-06-27,44575,2541,435,11,6982,38
2020-06-28,44930,2550,355,9,7003,21
2020-06-29,45228,2559,298,9,7024,21
2020-06-30,45594,2569,366,10,7065,41
2020-07-01,45952,2581,358,12,7095,30
2020-07-02,46387,2589,435,8,7139,44
2020-07-03,46915,2600,528,11,7175,36
2020-07-04,47432,2607,517,7,7216,41
2020-07-05,48201,2619,769,12,7254,38
2020-07-06,48524,2635,323,16,7285,31
2020-07-07,48626,2644,102,9,7333,48
2020-07-08,49063,2652,437,8,7365,32
2020-07-09,49575,2663,512,11,7386,21
2020-07-10,50300,2670,725,7,7458,72
2020-07-11,51079,2681,779,11,7458,0
2020-07-12,51612,2694,533,13,7527,69
2020-07-13,52037,2703,425,9,7574,47
2020-07-14,52685,2709,648,6,7633,59
2020-07-15,53370,2720,685,11,7686,53
2020-07-16,54080,2730,710,10,7747,61
2020-07-17,54813,2739,733,9,7814,67
2020-07-18,55654,2748,841,9,7861,47
2020-07-19,56571,2757,917,9,7895,34
2020-07-20,57206,2771,635,14,7941,46
2020-07-21,57916,2780,710,9,7941,0
2020-07-22,58673,2793,757,13,8020,79
2020-07-23,59602,2803,929,10,8066,46
2020-07-24,60598,2814,996,11,8128,62
2020-07-25,61520,2825,922,11,8180,52
2020-07-26,62372,2835,852,10,8401,221
2020-07-27,62907,2839,535,4,8444,43
2020-07-28,63678,2845,771,6,8505,61
2020-07-29,64299,2866,621,21,8587,82
2020-07-30,65253,2875,954,9,8667,80
2020-07-31,66154,2886,901,11,8727,60
2020-08-01,67122,2899,968,13,8781,54
2020-08-02,67857,2908,735,9,8848,67
2020-08-03,68433,2917,576,9,9004,156
2020-08-04,69255,2928,822,11,9148,144
2020-08-05,69975,2933,720,5,9148,0
2020-08-06,71015,2948,1040,15,9267,119
2020-08-07,72254,2962,1239,14,9354,87
2020-08-08,73287,2974,1033,12,9354,0
2020-08-09,74328,2981,1041,7,9354,0
2020-08-10,74992,2997,664,16,9354,0
2020-08-11,75862,3010,870,13,9599,245
2020-08-12,76522,3025,660,15,9678,79
2020-08-13,77565,3040,1043,15,9678,0
2020-08-14,78632,3056,1067,16,9801,123
2020-08-15,79676,3068,1044,12,9872,71
2020-08-16,80415,3080,739,12,9935,63
2020-08-17,81006,3103,591,23,9973,38
2020-08-18,81847,3108,841,5,10037,64
2020-08-19,82336,3124,489,16,10090,53
2020-08-20,83277,3141,941,17,10145,55
2020-08-21,84317,3149,1040,8,10132,-13
2020-08-22,85317,3164,1000,15,10219,87
2020-08-23,85932,3176,615,12,10281,62
2020-08-24,87592,3190,1660,14,10343,62
2020-08-25,88421,3201,829,11,10417,74
2020-08-26,89359,3204,938,3,10605,188
2020-08-27,90504,3220,1145,16,10747,142
2020-08-28,91313,3229,809,9,0,0
2020-08-29,92434,3241,1121,12,0,0
2020-08-30,93313,3250,879,9,0,0
2020-08-31,94196,3263,883,13,0,0
2020-09-01,94891,3270,695,7,0,0
2020-09-02,95750,3280,859,10,0,0
2020-09-03,96854,3286,1104,6,0,0
2020-09-04,97884,3300,1030,14,0,0
2020-09-05,98961,3311,1077,11,0,0
2020-09-06,99804,3325,843,14,0,0
2020-09-07,100394,3336,590,11,0,0
2020-09-08,100780,3351,386,15,0,0
2020-09-09,101485,3364,705,13,0,0
2020-09-10,102243,3376,758,12,0,0
2020-09-11,103505,3388,1262,12,0,0
2020-09-12,104561,3392,1056,4,0,0
2020-09-13,105804,3410,1243,18,0,0
2020-09-14,106540,3424,736,14,0,0
2020-09-15,107229,3436,689,12,0,0
2020-09-16,107809,3444,580,8,0,0
2020-09-17,108646,3459,837,15,0,0
2020-09-18,109683,3471,1037,12,0,0
2020-09-19,110759,3481,1076,10,0,0
2020-09-20,111505,3488,746,7,0,0
2020-09-21,112027,3499,522,11,0,0
2020-09-22,112626,3514,599,15,0,0
2020-09-23,113337,3531,711,17,0,0
2020-09-24,114236,3544,899,13,0,0
2020-09-25,115407,3557,1171,13,0,0
2020-09-26,116549,3581,1142,24,0,0
2020-09-27,117450,3593,901,12,0,0
2020-09-28,118322,3613,872,20,0,0
2020-09-29,119066,3632,744,19,0,0
2020-09-30,120019,3645,953,13,0,0
2020-10-01,121176,3663,1157,18,0,0
2020-10-02,122640,3681,1464,18,0,0
2020-10-03,124059,3705,1419,24,0,0
2020-10-04,125146,3720,1087,15,0,0
2020-10-05,125976,3733,830,13,0,0
2020-10-06,126946,3748,970,15,0,0
2020-10-07,128227,3766,1281,18,0,0
2020-10-08,129677,3789,1450,23,0,0
2020-10-09,131493,3814,1816,25,0,0
2020-10-10,133411,3831,1918,17,0,0
2020-10-11,134981,3852,1570,21,0,0
2020-10-12,136555,3875,1574,23,0,0
2020-10-13,138104,3904,1549,29,0,0
2020-10-14,139269,3924,1165,20,0,0
2020-10-15,141212,3959,1943,35,0,0
2020-10-16,143495,4001,2283,42,0,0
2020-10-17,145977,4025,2482,24,0,0
2020-10-18,147582,4055,1605,30,0,0
2020-10-19,149166,4075,1584,20,0,0
2020-10-20,150664,4111,1498,36,0,0
2020-10-21,152396,4144,1732,33,0,0
2020-10-22,155246,4180,2850,36,0,0
2020-10-23,157713,4209,2467,29,0,0
2020-10-24,160454,4234,2741,25,0,0
2020-10-25,162607,4264,2153,30,0,0
2020-10-26,164581,4306,1974,42,0,0
2020-10-27,166564,4346,1983,40,0,0
2020-10-28,169112,4381,2548,35,0,0
2020-10-29,172730,4420,3618,39,0,0
2020-10-30,175893,4469,3163,49,0,0
2020-10-31,179358,4504,3465,35,0,0
2020-11-01,182108,4544,2750,40,0,0
2020-11-02,185185,4587,3077,43,0,0
2020-11-03,188066,4630,2881,43,0,0
2020-11-04,191764,4682,3698,52,0,0
2020-11-05,196176,4722,4412,40,0,0
2020-11-06,200823,4779,4647,57,0,0
2020-11-07,205722,4828,4899,49,0,0
2020-11-08,210374,4888,4652,60,0,0
2020-11-09,214509,4932,4135,44,0,0
2020-11-10,219338,4992,4829,60,0,0
2020-11-11,224374,5051,5036,59,0,0
2020-11-12,230965,5094,6591,43,0,0
2020-11-13,236565,5140,5600,46,0,0
2020-11-14,244887,5191,8322,51,0,0
2020-11-15,251597,5260,6710,69,0,0
2020-11-16,256744,5323,5147,63,0,0
2020-11-17,262207,5405,5463,82,0,0
2020-11-18,268222,5479,6015,74,0,0
2020-11-19,275503,5556,7281,77,0,0
2020-11-20,282311,5628,6808,72,0,0
2020-11-21,289183,5697,6872,69,0,0
2020-11-22,295357,5774,6174,77,0,0
2020-11-23,300913,5860,5556,86,0,0
2020-11-24,306538,5941,5625,81,0,0
2020-11-25,312521,6021,5983,80,0,0
2020-11-26,318894,6112,6373,91,0,0
2020-11-27,324537,6196,5643,84,0,0
2020-11-28,329008,6270,4471,74,0,0
2020-11-29,333312,6351,4304,81,0,0
2020-11-30,338977,6432,5665,81,0,0
2020-12-01,344373,6518,5396,86,0,0
2020-12-02,350970,6617,6597,99,0,0
2020-12-03,359430,6704,8460,87,0,0
2020-12-04,367329,6802,7899,98,0,0
2020-12-05,375019,6899,7690,97,0,0
2020-12-06,381617,6987,6598,88,0,0
2020-12-07,387278,7081,5661,94,0,0
2020-12-08,392663,7187,5385,106,0,0
2020-12-09,398417,7289,5754,102,0,0
2020-12-10,404935,7395,6518,106,0,0
2020-12-11,412135,7505,7200,110,0,0
2020-12-12,419536,7600,7401,95,0,0
2020-12-13,425434,7689,5898,89,0,0
2020-12-14,430401,7796,4967,107,0,0
2020-12-15,434642,7888,4241,92,0,0
2020-12-16,440850,7980,6208,92,0,0
2020-12-17,447190,8093,6340,113,0,0
2020-12-18,453139,8200,5949,107,0,0
2020-12-19,457871,8294,4732,94,0,0
2020-12-20,464354,8380,6483,86,0,0
2020-12-21,468219,8487,3865,107,0,0
2020-12-22,471876,8566,3657,79,0,0
2020-12-23,476538,8658,4662,92,0,0
2020-12-24,482734,8731,6196,73,0,0
2020-12-25,488180,8811,5446,80,0,0
2020-12-26,492021,8904,3841,93,0,0
2020-12-27,493841,8996,1820,92,0,0
2020-12-28,496306,9097,2465,101,0,0
2020-12-29,500282,9216,3976,119,0,0
2020-12-30,505017,9314,4735,98,0,0
2020-12-31,511485,9390,6468,76,0,0
2021-01-01,517773,9468,6288,78,0,0
2021-01-02,523090,9562,5317,94,0,0
2021-01-03,526071,9625,2981,63,0,0
2021-01-04,529688,9735,3617,110,0,0
2021-01-05,533083,9800,3395,65,0,0
2021-01-06,539229,9883,6146,83,0,0
2021-01-07,546499,9958,7270,75,0,0
2021-01-08,552594,10021,6095,63,0,0
2021-01-09,558560,10089,5966,68,0,0
2021-01-10,563653,10147,5093,58,0,0
2021-01-11,567338,10217,3685,70,0,0
2021-01-12,570477,10271,3139,54,0,0
2021-01-13,574119,10334,3642,63,0,0
2021-01-14,578494,10400,4375,66,0,0
2021-01-15,583160,10465,4666,65,0,0
2021-01-16,587049,10534,3889,69,0,0
2021-01-17,590211,10602,3162,68,0,0
2021-01-18,592709,10670,2498,68,0,0
2021-01-19,595436,10720,2727,50,0,0
2021-01-20,598313,10786,2877,66,0,0
2021-01-21,601937,10837,3624,51,0,0
2021-01-22,605426,10903,3489,66,0,0
2021-01-23,608519,10950,3093,47,0,0
2021-01-24,611039,10996,2520,46,0,0
2021-01-25,613228,11037,2189,41,0,0
2021-01-26,614946,11087,1718,50,0,0
2021-01-27,617176,11137,2230,50,0,0
2021-01-28,619995,11180,2819,43,0,0
2021-01-29,622625,11220,2630,40,0,0
2021-01-30,624959,11262,2334,42,0,0
2021-01-31,626682,11296,1723,34,0,0
2021-02-01,628391,11331,1709,35,0,0
2021-02-02,629903,11371,1512,40,0,0
2021-02-03,631331,11408,1428,37,0,0
2021-02-04,633667,11597,2336,189,0,0
2021-02-05,635171,11686,1504,89,0,0
2021-02-06,637987,11752,2816,66,0,0
2021-02-07,639711,11817,1724,65,0,0
2021-02-08,640744,11875,1033,58,0,0
2021-02-09,641874,11942,1130,67,0,0
2021-02-10,643305,12001,1431,59,0,0
2021-02-11,645006,12027,1701,26,0,0
2021-02-12,646425,12117,1419,90,0,0
2021-02-13,647657,12149,1232,32,0,0
2021-02-14,648875,12173,1218,24,0,0
2021-02-15,649652,12191,777,18,0,0
2021-02-16,650530,12231,878,40,0,0
2021-02-17,651453,12250,923,19,0,0
2021-02-18,652210,12281,757,31,0,0
2021-02-19,653245,12325,1035,44,0,0
2021-02-20,654660,12336,1415,11,0,0
2021-02-21,655541,12372,881,36,0,0
2021-02-22,656358,12407,817,35,0,0
2021-02-23,657037,12450,679,43,0,0
2021-02-24,658043,12467,1006,17,0,0
2021-02-25,659127,12494,1084,27,0,0
2021-02-26,660071,12531,944,37,0,0
2021-02-27,660942,12556,871,25,0,0
2021-02-28,661673,12573,731,17,0,0
2021-03-01,662213,12595,540,22,0,0
2021-03-02,662750,12623,537,28,0,0
2021-03-03,663511,12633,761,10,0,0
2021-03-04,664446,12663,935,30,0,0
2021-03-05,665285,12697,839,34,0,0
2021-03-06,666516,12726,1231,29,0,0
2021-03-07,667262,12737,746,11,0,0
2021-03-08,667736,12744,474,7,0,0
2021-03-09,668308,12762,572,18,0,0
2021-03-10,669164,12775,856,13,0,0
2021-03-11,670074,12802,910,27,0,0
2021-03-12,671023,12824,949,22,0,0
2021-03-13,671859,12846,836,22,0,0
2021-03-14,672554,12856,695,10,0,0
2021-03-15,672967,12864,413,8,0,0
2021-03-16,673528,12876,561,12,0,0
2021-03-17,674430,12893,902,17,0,0
2021-03-18,675388,12907,958,14,0,0
2021-03-19,676247,12922,859,15,0,0
2021-03-20,677135,12926,888,4,0,0
2021-03-21,677905,12946,770,20,0,0
2021-03-22,678416,12947,511,1,0,0
2021-03-23,679079,12959,663,12,0,0
2021-03-24,680046,12975,967,16,0,0
2021-03-25,680998,12982,952,7,0,0
2021-03-26,682099,13002,1101,20,0,0
2021-03-27,683076,13011,977,9,0,0
2021-03-28,684020,13023,944,12,0,0
2021-03-29,684733,13028,713,5,0,0
2021-03-30,685453,13038,720,10,0,0
2021-03-31,686497,13039,1044,1,0,0
2021-04-01,687713,13048,1216,9,0,0
2021-04-02,688916,13069,1203,21,0,0
2021-04-03,689965,13074,1049,5,0,0
2021-04-04,690910,13074,945,0,0,0
2021-04-05,691625,13075,715,1,0,0
2021-04-06,692240,13084,615,9,0,0
2021-04-07,693452,13099,1212,15,0,0
2021-04-08,694836,13114,1384,15,0,0
2021-04-09,696175,13131,1339,17,0,0
2021-04-10,697533,13138,1358,7,0,0
2021-04-11,698692,13148,1159,10,0,0
2021-04-12,699823,13151,1131,3,0,0
2021-04-13,700775,13167,952,16,0,0
2021-04-14,701971,13187,1196,20,0,0
2021-04-15,703345,13194,1374,7,0,0
2021-04-16,704632,13211,1287,17,0,0
2021-04-17,707111,13216,2479,5,0,0
2021-04-18,708067,13224,956,8,0,0
2021-04-19,708779,13226,712,2,0,0
2021-04-20,709455,13234,676,8,0,0
2021-04-21,710607,13248,1152,14,0,0
2021-04-22,711787,13252,1180,4,0,0
2021-04-23,712858,13256,1071,4,0,0
2021-04-24,713959,13271,1101,15,0,0
2021-04-25,714786,13274,827,3,0,0
2021-04-26,715468,13280,682,6,0,0
2021-04-27,716306,13293,838,13,0,0
2021-04-28,717564,13312,1258,19,0,0
2021-04-29,718948,13324,1384,12,0,0
2021-04-30,720425,13332,1477,8,0,0
2021-05-01,721577,13338,1152,6,0,0
2021-05-02,722646,13349,1069,11,0,0
2021-05-03,723443,13350,797,1,0,0
2021-05-04,724214,13363,771,13,0,0
2021-05-05,725353,13373,1139,10,0,0
2021-05-06,726600,13379,1247,6,0,0
2021-05-07,727764,13397,1164,18,0,0
2021-05-08,728811,13405,1047,8,0,0
2021-05-09,729716,13418,905,13,0,0
2021-05-10,730306,13419,590,1,0,0
2021-05-11,730969,13434,663,15,0,0
2021-05-12,731810,13445,841,11,0,0
2021-05-13,732692,13450,882,5,0,0
2021-05-14,733591,13466,899,16,0,0
2021-05-15,734736,13471,1145,5,0,0
2021-05-16,735462,13480,726,9,0,0
2021-05-17,735999,13486,537,6,0,0
2021-05-18,736480,13507,481,21,0,0
2021-05-19,737282,13518,802,11,0,0
2021-05-20,738173,13525,891,7,0,0
2021-05-21,738961,13547,788,22,0,0
2021-05-22,739626,13553,665,6,0,0
2021-05-23,740189,13553,563,0,0,0
