"date","positive","death","positiveIncrease","deathIncrease","hospitalized","hospitalizedIncrease","hospitalizedCurrently"
2020-03-05,1,0,0,0,0,0,0
2020-03-06,3,0,2,0,0,0,0
2020-03-07,4,0,1,0,0,0,0
2020-03-08,4,0,0,0,0,0,0
2020-03-09,5,0,1,0,0,0,0
2020-03-10,5,0,0,0,0,0,0
2020-03-11,9,0,4,0,0,0,0
2020-03-12,12,0,3,0,0,0,0
2020-03-13,22,0,10,0,0,0,0
2020-03-14,34,0,12,0,0,0,0
2020-03-15,45,1,11,1,0,0,0
2020-03-16,63,1,18,0,0,0,0
2020-03-17,73,1,10,0,0,0,0
2020-03-18,78,2,5,1,0,0,0
2020-03-19,101,3,23,1,0,0,0
2020-03-20,109,3,8,0,0,0,0
2020-03-21,124,5,15,2,0,0,0
2020-03-22,154,7,30,2,0,0,0
2020-03-23,190,8,36,1,0,0,0
2020-03-24,278,13,88,5,0,0,0
2020-03-25,321,13,43,0,0,0,0
2020-03-26,420,17,99,4,0,0,0
2020-03-27,535,21,115,4,0,0,0
2020-03-28,621,25,86,4,0,0,0
2020-03-29,738,28,117,3,0,0,0
2020-03-30,996,32,258,4,0,0,0
2020-03-31,1113,37,117,5,0,0,0
2020-04-01,1279,45,166,8,0,0,0
2020-04-02,1458,51,179,6,0,0,0
2020-04-03,1514,59,56,8,0,0,0
2020-04-04,1742,70,228,11,0,0,0
2020-04-05,1836,76,94,6,0,0,0
2020-04-06,1953,79,117,3,0,0,0
2020-04-07,2087,91,134,12,0,0,282
2020-04-08,2318,101,231,10,0,0,282
2020-04-09,2456,110,138,9,0,0,282
2020-04-10,2584,120,128,10,0,0,282
2020-04-11,2700,125,116,5,0,0,282
2020-04-12,2836,128,136,3,0,0,282
2020-04-13,2971,133,135,5,0,0,0
2020-04-14,3088,141,117,8,0,0,0
2020-04-15,3211,150,123,9,0,0,0
2020-04-16,3321,158,110,8,0,0,0
2020-04-17,3524,162,203,4,0,0,0
2020-04-18,3626,168,102,6,0,0,0
2020-04-19,3728,172,102,4,0,0,0
2020-04-20,3830,180,102,8,0,0,0
2020-04-21,3937,193,107,13,0,0,0
2020-04-22,4081,201,144,8,0,0,0
2020-04-23,4208,210,127,9,0,0,0
2020-04-24,4398,216,190,6,0,0,0
2020-04-25,4539,229,141,13,0,0,0
2020-04-26,4602,235,63,6,0,0,0
2020-04-27,4690,245,88,10,0,0,0
2020-04-28,4805,251,115,6,0,0,0
2020-04-29,4898,257,93,6,0,0,0
2020-04-30,4998,269,100,12,0,0,0
2020-05-01,5227,277,229,8,0,0,0
2020-05-02,5311,281,84,4,0,0,0
2020-05-03,5423,287,112,6,0,0,0
2020-05-04,5491,292,68,5,0,0,0
2020-05-05,5594,297,103,5,0,0,0
2020-05-06,5663,311,69,14,0,0,0
2020-05-07,5766,320,103,9,0,0,0
2020-05-08,5884,328,118,8,0,0,0
2020-05-09,6028,334,144,6,0,0,0
2020-05-10,6098,339,70,5,0,0,444
2020-05-11,6152,344,54,5,0,0,482
2020-05-12,6311,350,159,6,0,0,522
2020-05-13,6394,355,83,5,0,0,522
2020-05-14,6499,358,105,3,0,0,515
2020-05-15,6614,368,115,10,0,0,425
2020-05-16,6709,369,95,1,0,0,423
2020-05-17,6857,375,148,6,0,0,423
2020-05-18,6906,383,49,8,0,0,423
2020-05-19,7046,390,140,7,0,0,405
2020-05-20,7166,393,120,3,0,0,437
2020-05-21,7255,397,89,4,0,0,410
2020-05-22,7401,400,146,3,0,0,404
2020-05-23,7696,404,295,4,0,0,402
2020-05-24,7770,408,74,4,0,0,373
2020-05-25,7879,410,109,2,0,0,380
2020-05-26,7997,412,118,2,0,0,390
2020-05-27,8113,416,116,4,0,0,435
2020-05-28,8208,425,95,9,0,0,439
2020-05-29,8350,435,142,10,0,0,371
2020-05-30,8495,439,145,4,0,0,371
2020-05-31,8593,444,98,5,0,0,336
2020-06-01,8688,445,95,1,0,0,361
2020-06-02,8830,452,142,7,0,0,365
2020-06-03,8931,455,101,3,0,0,372
2020-06-04,9090,460,159,5,0,0,364
2020-06-05,9266,460,176,0,0,0,341
2020-06-06,9460,463,194,3,0,0,348
2020-06-07,9649,465,189,2,0,0,348
2020-06-08,9786,469,137,4,0,0,339
2020-06-09,10030,472,244,3,0,0,350
2020-06-10,10164,474,134,2,0,0,359
2020-06-11,10399,475,235,1,0,0,337
2020-06-12,10676,475,277,0,0,0,328
2020-06-13,10946,478,270,3,0,0,351
2020-06-14,11173,479,227,1,0,0,332
2020-06-15,11279,483,106,4,0,0,346
2020-06-16,11658,485,379,2,0,0,349
2020-06-17,11842,486,184,1,0,0,360
2020-06-18,12076,489,234,3,0,0,357
2020-06-19,12486,491,410,2,0,0,370
2020-06-20,12931,491,445,0,0,0,370
2020-06-21,13205,492,274,1,0,0,370
2020-06-22,13535,492,330,0,0,0,373
2020-06-23,13997,492,462,0,0,0,389
2020-06-24,14592,494,595,2,0,0,439
2020-06-25,15479,495,887,1,0,0,467
2020-06-26,15860,498,381,3,0,0,471
2020-06-27,16339,500,479,2,0,0,503
2020-06-28,17160,500,821,0,0,0,511
2020-06-29,17894,504,734,4,0,0,555
2020-06-30,18456,507,562,3,0,0,593
2020-07-01,19101,511,645,4,0,0,630
2020-07-02,19733,525,632,14,0,0,662
2020-07-03,20718,528,985,3,0,0,704
2020-07-04,21575,530,857,2,0,0,749
2020-07-05,22418,534,843,4,0,0,760
2020-07-06,22909,537,491,3,0,0,748
2020-07-07,23785,548,876,11,0,0,849
2020-07-08,24301,553,516,5,0,0,876
2020-07-09,24904,571,603,18,0,0,935
2020-07-10,25908,579,1004,8,0,0,924
2020-07-11,26838,592,930,13,0,0,918
2020-07-12,27683,593,845,1,0,0,895
2020-07-13,28515,593,832,0,0,0,953
2020-07-14,29619,612,1104,19,0,0,983
2020-07-15,30468,618,849,6,0,0,1051
2020-07-16,31915,626,1447,8,0,0,1051
2020-07-17,33295,637,1380,11,0,0,1000
2020-07-18,34477,646,1182,9,0,0,1006
2020-07-19,35765,647,1288,1,0,0,1045
2020-07-20,36713,648,948,1,0,0,1086
2020-07-21,37528,676,815,28,0,0,1095
2020-07-22,38657,704,1129,28,0,0,1102
2020-07-23,39919,709,1262,5,0,0,1136
2020-07-24,40885,722,966,13,0,0,1160
2020-07-25,41816,732,931,10,0,0,1147
2020-07-26,42834,734,1018,2,0,0,1147
2020-07-27,43831,739,997,5,0,0,1112
2020-07-28,44936,759,1105,20,0,0,1147
2020-07-29,45806,780,870,21,0,0,1110
2020-07-30,46824,801,1018,21,0,0,1145
2020-07-31,48088,830,1264,29,0,0,1159
2020-08-01,49074,832,986,2,0,0,1165
2020-08-02,50205,832,1131,0,0,0,1165
2020-08-03,51199,847,994,15,0,0,1152
2020-08-04,52179,862,980,15,0,0,1146
2020-08-05,52828,890,649,28,0,0,1148
2020-08-06,53557,900,729,10,0,0,1117
2020-08-07,54533,920,976,20,0,0,1035
2020-08-08,55419,949,886,29,0,0,976
2020-08-09,56230,957,811,8,0,0,976
2020-08-10,56972,963,742,6,0,0,1014
2020-08-11,57520,981,548,18,0,0,971
2020-08-12,58048,996,528,15,0,0,998
2020-08-13,58650,1030,602,34,0,0,982
2020-08-14,59749,1045,1099,15,0,0,948
2020-08-15,60608,1069,859,24,0,0,941
2020-08-16,61305,1072,697,3,0,0,941
2020-08-17,61967,1077,662,5,0,0,869
2020-08-18,62639,1102,672,25,0,0,903
2020-08-19,63028,1134,389,32,0,0,867
2020-08-20,63584,1172,556,38,0,0,874
2020-08-21,64433,1185,849,13,0,0,807
2020-08-22,65069,1197,636,12,0,0,825
2020-08-23,65601,1197,532,0,0,0,825
2020-08-24,66010,1200,409,3,0,0,771
2020-08-25,66413,1230,403,30,0,0,772
2020-08-26,66666,1250,253,20,0,0,761
2020-08-27,67220,1271,554,21,0,0,727
2020-08-28,67852,1287,632,16,0,0,707
2020-08-29,68461,1302,609,15,0,0,675
2020-08-30,68908,1302,447,0,0,0,675
2020-08-31,69228,1305,320,3,0,0,664
2020-09-01,69633,1313,405,8,0,0,643
2020-09-02,69872,1336,239,23,0,0,675
2020-09-03,70223,1363,351,27,0,0,631
2020-09-04,70712,1375,489,12,0,0,611
2020-09-05,71102,1388,390,13,0,0,597
2020-09-06,71610,1389,508,1,0,0,597
2020-09-07,71967,1393,357,4,0,0,597
2020-09-08,72104,1393,137,0,0,0,538
2020-09-09,72258,1412,154,19,0,0,552
2020-09-10,72546,1429,288,17,0,0,519
2020-09-11,72806,1439,260,10,0,0,476
2020-09-12,73220,1449,414,10,0,0,476
2020-09-13,73537,1452,317,3,0,0,476
2020-09-14,73814,1456,277,4,0,0,473
2020-09-15,74040,1482,226,26,0,0,483
2020-09-16,74248,1494,208,12,0,0,488
2020-09-17,74595,1506,347,12,0,0,484
2020-09-18,75096,1524,501,18,0,0,461
2020-09-19,75419,1528,323,4,0,0,443
2020-09-20,75804,1531,385,3,0,0,443
2020-09-21,76036,1531,232,0,0,0,449
2020-09-22,76298,1546,262,15,0,0,441
2020-09-23,76807,1556,509,10,0,0,479
2020-09-24,77197,1564,390,8,0,0,468
2020-09-25,77753,1573,556,9,0,0,460
2020-09-26,78355,1582,602,9,0,0,442
2020-09-27,78728,1585,373,3,0,0,442
2020-09-28,79191,1585,463,0,0,0,451
2020-09-29,79595,1593,404,8,0,0,446
2020-09-30,79980,1600,385,7,0,0,452
2020-10-01,80410,1603,430,3,0,0,449
2020-10-02,81182,1609,772,6,0,0,463
2020-10-03,81708,1620,526,11,0,0,442
2020-10-04,82100,1623,392,3,0,0,442
2020-10-05,82437,1623,337,0,0,0,441
2020-10-06,82916,1629,479,6,0,0,485
2020-10-07,83347,1636,431,7,0,0,495
2020-10-08,83827,1649,480,13,0,0,498
2020-10-09,84593,1657,766,8,0,0,502
2020-10-10,85399,1659,806,2,0,0,519
2020-10-11,85779,1661,380,2,0,0,519
2020-10-12,86348,1664,569,3,0,0,509
2020-10-13,86835,1674,487,10,0,0,505
2020-10-14,87314,1691,479,17,0,0,519
2020-10-15,87969,1698,655,7,0,0,486
2020-10-16,88685,1707,716,9,0,0,469
2020-10-17,89652,1707,967,0,0,0,503
2020-10-18,90261,1710,609,3,0,0,503
2020-10-19,90843,1712,582,2,0,0,485
2020-10-20,91499,1727,656,15,0,0,506
2020-10-21,92064,1732,565,5,0,0,535
2020-10-22,92853,1736,789,4,0,0,520
2020-10-23,93666,1738,813,2,0,0,493
2020-10-24,94812,1743,1146,5,0,0,493
2020-10-25,95703,1748,891,5,0,0,493
2020-10-26,96178,1749,475,1,0,0,531
2020-10-27,96908,1756,730,7,0,0,568
2020-10-28,97479,1766,571,10,0,0,565
2020-10-29,98554,1769,1075,3,0,0,594
2020-10-30,99786,1777,1232,8,0,0,594
2020-10-31,100763,1777,977,0,0,0,585
2020-11-01,101479,1781,716,4,0,0,585
2020-11-02,102114,1784,635,3,0,0,678
2020-11-03,103025,1807,911,23,0,0,695
2020-11-04,104093,1814,1068,7,0,0,696
2020-11-05,105360,1824,1267,10,0,0,740
2020-11-06,106922,1845,1562,21,0,0,770
2020-11-07,108746,1850,1824,5,0,0,826
2020-11-08,110022,1851,1276,1,0,0,826
2020-11-09,110982,1852,960,1,0,0,891
2020-11-10,112304,1859,1322,7,0,0,898
2020-11-11,113411,1877,1107,18,0,0,950
2020-11-12,114880,1880,1469,3,0,0,941
2020-11-13,116737,1893,1857,13,0,0,985
2020-11-14,119006,1908,2269,15,0,0,1025
2020-11-15,120183,1909,1177,1,0,0,1025
2020-11-16,122097,1917,1914,8,0,0,1157
2020-11-17,123794,1944,1697,27,0,0,1159
2020-11-18,125459,1947,1665,3,0,0,1246
2020-11-19,127875,1953,2416,6,0,0,1288
2020-11-20,129714,1982,1839,29,0,0,1283
2020-11-21,131733,2011,2019,29,0,0,1273
2020-11-22,133888,2017,2155,6,0,0,1273
2020-11-23,136227,2023,2339,6,0,0,1274
2020-11-24,139080,2047,2853,24,0,0,1399
2020-11-25,142239,2071,3159,24,0,0,1414
2020-11-26,144781,2093,2542,22,0,0,1440
2020-11-27,146317,2095,1536,2,0,0,1440
2020-11-28,149229,2119,2912,24,0,0,1460
2020-11-29,150527,2136,1298,17,0,0,1460
2020-11-30,152169,2144,1642,8,0,0,1545
2020-12-01,154867,2166,2698,22,0,0,1589
2020-12-02,156996,2201,2129,35,0,0,1652
2020-12-03,159532,2249,2536,48,0,0,1645
2020-12-04,162434,2272,2902,23,0,0,1678
2020-12-05,165628,2301,3194,29,0,0,1789
2020-12-06,168139,2315,2511,14,0,0,1789
2020-12-07,170587,2319,2448,4,0,0,1767
2020-12-08,173281,2359,2694,40,0,0,1784
2020-12-09,176334,2384,3053,25,0,0,1811
2020-12-10,178527,2434,2193,50,0,0,1824
2020-12-11,181310,2479,2783,45,0,0,1854
2020-12-12,183951,2520,2641,41,0,0,1823
2020-12-13,186833,2539,2882,19,0,0,1823
2020-12-14,189412,2548,2579,9,0,0,2025
2020-12-15,191732,2596,2320,48,0,0,1979
2020-12-16,194098,2653,2366,57,0,0,1550
2020-12-17,196379,2673,2281,20,0,0,1975
2020-12-18,199257,2708,2878,35,0,0,1951
2020-12-19,201858,2751,2601,43,0,0,1924
2020-12-20,203945,2781,2087,30,0,0,1924
2020-12-21,205884,2787,1939,6,0,0,1996
2020-12-22,206974,2825,1090,38,0,0,1996
2020-12-23,209962,2871,2988,46,0,0,2001
2020-12-24,212211,2916,2249,45,0,0,1908
2020-12-25,214064,2943,1853,27,0,0,1885
2020-12-26,215653,2944,1589,1,0,0,1885
2020-12-27,217509,2952,1856,8,0,0,1885
2020-12-28,218377,2973,868,21,0,0,1899
2020-12-29,220124,3019,1747,46,0,0,1929
2020-12-30,222594,3066,2470,47,0,0,1988
2020-12-31,224731,3125,2137,59,0,0,1927
2021-01-01,227046,3146,2315,21,0,0,1871
2021-01-02,228871,3151,1825,5,0,0,1871
2021-01-03,231618,3183,2747,32,0,0,1871
2021-01-04,233032,3206,1414,23,0,0,1879
2021-01-05,235455,3235,2423,29,0,0,1867
2021-01-06,237393,3295,1938,60,0,0,1919
2021-01-07,240795,3339,3402,44,0,0,1918
2021-01-08,243661,3394,2866,55,0,0,1874
2021-01-09,246309,3450,2648,56,0,0,1758
2021-01-10,248568,3467,2259,17,0,0,1758
2021-01-11,250249,3500,1681,33,0,0,1777
2021-01-12,252842,3546,2593,46,0,0,1827
2021-01-13,253985,3596,1143,50,0,0,1784
2021-01-14,256172,3658,2187,62,0,0,1746
2021-01-15,258050,3698,1878,40,0,0,1676
2021-01-16,260090,3761,2040,63,0,0,1702
2021-01-17,261573,3779,1483,18,0,0,1702
2021-01-18,262794,3784,1221,5,0,0,1702
2021-01-19,263972,3792,1178,8,0,0,1716
2021-01-20,265143,3863,1171,71,0,0,1727
2021-01-21,266343,3910,1200,47,0,0,1640
2021-01-22,268212,3958,1869,48,0,0,1549
2021-01-23,269713,4011,1501,53,0,0,1499
2021-01-24,270907,4026,1194,15,0,0,1499
2021-01-25,271897,4029,990,3,0,0,1441
2021-01-26,272853,4088,956,59,0,0,1462
2021-01-27,273873,4134,1020,46,0,0,1400
2021-01-28,274951,4181,1078,47,0,0,1322
2021-01-29,276279,4218,1328,37,0,0,1290
2021-01-30,277349,4264,1070,46,0,0,1242
2021-01-31,278308,4270,959,6,0,0,1242
2021-02-01,279146,4278,838,8,0,0,1247
2021-02-02,279957,4324,811,46,0,0,1209
2021-02-03,280707,4373,750,49,0,0,1145
2021-02-04,281596,4424,889,51,0,0,1121
2021-02-05,282493,4463,897,39,0,0,1072
2021-02-06,283391,4496,898,33,0,0,983
2021-02-07,284042,4520,651,24,0,0,983
2021-02-08,284590,4522,548,2,0,0,964
2021-02-09,285136,4559,546,37,0,0,971
2021-02-10,285795,4582,659,23,0,0,922
2021-02-11,286387,4637,592,55,0,0,879
2021-02-12,287023,4663,636,26,0,0,847
2021-02-13,287836,4694,813,31,0,0,827
2021-02-14,288348,4709,512,15,0,0,827
2021-02-15,288739,4720,391,11,0,0,755
2021-02-16,289029,4733,290,13,0,0,773
2021-02-17,289392,4774,363,41,0,0,740
2021-02-18,289880,4805,488,31,0,0,698
2021-02-19,290300,4831,420,26,0,0,670
2021-02-20,290671,4868,371,37,0,0,639
2021-02-21,290972,4872,301,4,0,0,639
2021-02-22,291145,4882,173,10,0,0,580
2021-02-23,291543,4903,398,21,0,0,581
2021-02-24,292059,4919,516,16,0,0,534
2021-02-25,292630,4933,571,14,0,0,532
2021-02-26,293029,4942,399,9,0,0,509
2021-02-27,293488,4957,459,15,0,0,491
2021-02-28,293754,4957,266,0,0,0,491
2021-03-01,293980,4957,226,0,0,0,464
2021-03-02,294289,4967,309,10,0,0,459
2021-03-03,294684,4987,395,20,0,0,440
2021-03-04,295069,5005,385,18,0,0,407
2021-03-05,295460,5020,391,15,0,0,393
2021-03-06,295460,5036,0,16,0,0,399
2021-03-07,296190,5037,730,1,0,0,399
