"date","positive","death","positiveIncrease","deathIncrease","hospitalized","hospitalizedIncrease","hospitalizedCurrently"
2020-03-07,1,0,0,0,0,0,0
2020-03-08,1,0,0,0,0,0,0
2020-03-09,1,0,0,0,0,0,0
2020-03-10,2,0,1,0,0,0,0
2020-03-11,2,0,0,0,0,0,0
2020-03-12,3,0,1,0,0,0,0
2020-03-13,3,0,0,0,0,0,0
2020-03-14,4,0,1,0,0,0,0
2020-03-15,9,0,5,0,0,0,0
2020-03-16,10,0,1,0,0,0,0
2020-03-17,17,0,7,0,0,0,0
2020-03-18,29,0,12,0,0,0,0
2020-03-19,44,1,15,1,0,0,0
2020-03-20,49,1,5,0,0,0,0
2020-03-21,53,1,4,0,10,10,0
2020-03-22,67,2,14,1,11,1,0
2020-03-23,81,2,14,0,15,4,0
2020-03-24,106,3,25,1,25,10,0
2020-03-25,164,5,58,2,59,34,0
2020-03-26,248,7,84,2,86,27,0
2020-03-27,322,8,74,1,105,19,0
2020-03-28,377,15,55,7,126,21,0
2020-03-29,429,16,52,1,140,14,0
2020-03-30,481,17,52,1,153,13,0
2020-03-31,565,23,84,6,177,24,0
2020-04-01,719,30,154,7,219,42,174
2020-04-02,879,34,160,4,257,38,182
2020-04-03,988,38,109,4,289,32,171
2020-04-04,1159,42,171,4,316,27,0
2020-04-05,1252,46,93,4,330,14,0
2020-04-06,1327,51,75,5,340,10,161
2020-04-07,1472,67,145,16,376,36,186
2020-04-08,1524,79,52,12,390,14,188
2020-04-09,1684,80,160,1,415,25,188
2020-04-10,1794,88,110,8,428,13,186
2020-04-11,1868,94,74,6,446,18,383
2020-04-12,1970,96,102,2,446,0,383
2020-04-13,2069,99,99,3,457,11,383
2020-04-14,2184,108,115,9,488,31,194
2020-04-15,2263,123,79,15,510,22,194
2020-04-16,2357,131,94,8,528,18,236
2020-04-17,2465,136,108,5,528,0,325
2020-04-18,2570,139,105,3,541,13,307
2020-04-19,2599,140,29,1,541,0,307
2020-04-20,2680,143,81,3,541,0,307
2020-04-21,2807,164,127,21,561,20,346
2020-04-22,2894,170,87,6,588,27,298
2020-04-23,3017,179,123,9,622,34,284
2020-04-24,3121,188,104,9,637,15,310
2020-04-25,3193,194,72,6,637,0,306
2020-04-26,3253,195,60,1,653,16,306
2020-04-27,3280,197,27,2,656,3,306
2020-04-28,3410,207,130,10,656,0,288
2020-04-29,3473,214,63,7,693,37,283
2020-04-30,3618,222,145,8,703,10,291
2020-05-01,3748,230,130,8,715,12,255
2020-05-02,3851,238,103,8,743,28,236
2020-05-03,3972,238,121,0,743,0,236
2020-05-04,4044,238,72,0,753,10,236
2020-05-05,4127,247,83,9,773,20,236
2020-05-06,4201,253,74,6,773,0,230
2020-05-07,4330,260,129,7,805,32,223
2020-05-08,4424,266,94,6,805,0,228
2020-05-09,4490,270,66,4,822,17,177
2020-05-10,4589,272,99,2,826,4,177
2020-05-11,4613,274,24,2,828,2,177
2020-05-12,4732,278,119,4,828,0,190
2020-05-13,4852,278,120,0,848,20,218
2020-05-14,4962,284,110,6,858,10,217
2020-05-15,5086,285,124,1,863,5,215
2020-05-16,5237,288,151,3,878,15,180
2020-05-17,5310,288,73,0,880,2,180
2020-05-18,5398,288,88,0,885,5,76
2020-05-19,5489,294,91,6,897,12,167
2020-05-20,5532,299,43,5,905,8,209
2020-05-21,5680,304,148,5,917,12,201
2020-05-22,5849,307,169,3,926,9,190
2020-05-23,5960,311,111,4,926,0,174
2020-05-24,6037,311,77,0,938,12,174
2020-05-25,6090,313,53,2,938,0,0
2020-05-26,6137,318,47,5,941,3,174
2020-05-27,6229,322,92,4,941,0,156
2020-05-28,6270,326,41,4,975,34,181
2020-05-29,6338,329,68,3,982,7,160
2020-05-30,6418,334,80,5,982,0,154
2020-05-31,6506,334,88,0,985,3,154
2020-06-01,6573,334,67,0,986,1,154
2020-06-02,6692,339,119,5,994,8,124
2020-06-03,6805,341,113,2,1003,9,136
2020-06-04,6907,344,102,3,1014,11,148
2020-06-05,6907,344,0,0,1014,0,164
2020-06-06,7003,345,96,1,1026,12,158
2020-06-07,7150,348,147,3,1026,0,158
2020-06-08,7205,348,55,0,1039,13,158
2020-06-09,7363,353,158,5,1061,22,148
2020-06-10,7480,355,117,2,1075,14,150
2020-06-11,7626,357,146,2,1092,17,153
2020-06-12,7848,359,222,2,1103,11,154
2020-06-13,8073,359,225,0,1111,8,154
2020-06-14,8231,359,158,0,1116,5,149
2020-06-15,8417,359,186,0,1117,1,149
2020-06-16,8645,363,228,4,1130,13,172
2020-06-17,8904,364,259,1,1146,16,181
2020-06-18,9354,366,450,2,1146,0,197
2020-06-19,9706,367,352,1,1209,63,211
2020-06-20,10037,368,331,1,1229,20,197
2020-06-21,10515,369,478,1,1243,14,197
2020-06-22,10733,369,218,0,1268,25,197
2020-06-23,11028,371,295,2,1288,20,265
2020-06-24,11510,372,482,1,1319,31,268
2020-06-25,11948,375,438,3,1336,17,277
2020-06-26,12343,377,395,2,1393,57,308
2020-06-27,12642,384,299,7,1440,47,329
2020-06-28,12944,385,302,1,1456,16,329
2020-06-29,13172,385,228,0,1489,33,329
2020-06-30,13757,387,585,2,1520,31,315
2020-07-01,14112,389,355,2,1553,33,374
2020-07-02,14539,395,427,6,1615,62,368
2020-07-03,15065,398,526,3,1661,46,391
2020-07-04,15645,398,580,0,1676,15,391
2020-07-05,15928,398,283,0,1685,9,391
2020-07-06,16362,399,434,1,1689,4,391
2020-07-07,17220,404,858,5,1741,52,426
2020-07-08,17893,407,673,3,1804,63,458
2020-07-09,18496,410,603,3,1893,89,453
2020-07-10,19092,416,596,6,1949,56,487
2020-07-11,19779,421,687,5,1992,43,499
2020-07-12,20235,422,456,1,2032,40,499
2020-07-13,20745,424,510,2,2063,31,499
2020-07-14,21738,428,993,4,2116,53,546
2020-07-15,22813,432,1075,4,2170,54,561
2020-07-16,23441,438,628,6,2218,48,638
2020-07-17,24140,445,699,7,2289,71,604
2020-07-18,25056,451,916,6,2375,86,547
2020-07-19,25265,451,209,0,2388,13,547
2020-07-20,25433,452,168,1,2403,15,604
2020-07-21,26326,461,893,9,2403,0,613
2020-07-22,27301,474,975,13,2540,137,630
2020-07-23,27969,477,668,3,2596,56,607
2020-07-24,29116,484,1147,7,2687,91,628
2020-07-25,30081,496,965,12,2768,81,625
2020-07-26,31285,496,1204,0,2835,67,625
2020-07-27,32686,496,1401,0,2872,37,625
2020-07-28,33775,509,1089,13,2987,115,596
2020-07-29,34623,523,848,14,3041,54,663
2020-07-30,35740,536,1117,13,3104,63,647
2020-07-31,36487,541,747,5,3161,57,621
2020-08-01,37731,549,1244,8,3228,67,628
2020-08-02,38225,550,494,1,3241,13,628
2020-08-03,38602,551,377,1,3275,34,628
2020-08-04,39463,566,861,15,3375,100,504
2020-08-05,40564,583,1101,17,3445,70,645
2020-08-06,41401,593,837,10,3497,52,643
2020-08-07,42255,600,854,7,3555,58,561
2020-08-08,43080,603,825,3,3594,39,594
2020-08-09,43566,603,486,0,3605,11,594
2020-08-10,43963,605,397,2,3625,20,594
2020-08-11,44728,618,765,13,3760,135,530
2020-08-12,45398,627,670,9,3842,82,519
2020-08-13,46103,638,705,11,3901,59,600
2020-08-14,46897,644,794,6,3953,52,567
2020-08-15,47798,657,901,13,3998,45,506
2020-08-16,48342,661,544,4,4013,15,506
2020-08-17,48711,665,369,4,4021,8,506
2020-08-18,49326,682,615,17,4115,94,568
2020-08-19,49923,699,597,17,4192,77,566
2020-08-20,50669,709,746,10,4268,76,564
2020-08-21,51746,715,1077,6,4316,48,562
2020-08-22,52599,725,853,10,4368,52,578
2020-08-23,53165,726,566,1,4422,54,578
2020-08-24,53522,730,357,4,4431,9,578
2020-08-25,54172,744,650,14,4527,96,553
2020-08-26,54838,763,666,19,4609,82,533
2020-08-27,55550,778,712,15,4673,64,552
2020-08-28,56260,786,710,8,4719,46,559
2020-08-29,57353,797,1093,11,4794,75,570
2020-08-30,58020,799,667,2,4814,20,570
2020-08-31,58733,800,713,1,4821,7,570
2020-09-01,59399,809,666,9,4903,82,535
2020-09-02,60118,821,719,12,4961,58,545
2020-09-03,61027,835,909,14,5013,52,540
2020-09-04,62040,846,1013,11,5061,48,518
2020-09-05,63187,850,1147,4,5105,44,472
2020-09-06,63607,853,420,3,5105,0,472
2020-09-07,64220,853,613,0,5113,8,472
2020-09-08,65053,854,833,1,5137,24,472
2020-09-09,65929,863,876,9,5253,116,462
2020-09-10,66700,876,771,13,5318,65,513
2020-09-11,67642,888,942,12,5369,51,509
2020-09-12,68659,899,1017,11,5424,55,499
2020-09-13,69354,905,695,6,5451,27,499
2020-09-14,70223,905,869,0,5466,15,499
2020-09-15,71314,912,1091,7,5562,96,561
2020-09-16,72284,924,970,12,5610,48,528
2020-09-17,73318,930,1034,6,5698,88,516
2020-09-18,74567,939,1249,9,5755,57,516
2020-09-19,75804,943,1237,4,5843,88,522
2020-09-20,76807,946,1003,3,5843,0,522
2020-09-21,77908,948,1101,2,5896,53,522
2020-09-22,79072,962,1164,14,5996,100,628
2020-09-23,80161,970,1089,8,6057,61,612
2020-09-24,81244,981,1083,11,6130,73,593
2020-09-25,82520,993,1276,12,6192,62,590
2020-09-26,83510,1004,990,11,6252,60,579
2020-09-27,83510,1004,0,0,6252,0,579
2020-09-28,85194,1007,1684,3,6273,21,579
2020-09-29,86219,1018,1025,11,6366,93,618
2020-09-30,87199,1031,980,13,6449,83,628
2020-10-01,88369,1035,1170,4,6510,61,610
2020-10-02,89559,1044,1190,9,6569,59,623
2020-10-03,90748,1051,1189,7,6570,1,655
2020-10-04,91317,1052,569,1,6570,0,655
2020-10-05,91982,1055,665,3,6674,104,655
2020-10-06,93346,1066,1364,11,6816,142,699
2020-10-07,94352,1075,1006,9,6929,113,738
2020-10-08,95564,1085,1212,10,7022,93,697
2020-10-09,97088,1091,1524,6,7124,102,749
2020-10-10,98621,1095,1533,4,7218,94,758
2020-10-11,99387,1098,766,3,7238,20,758
2020-10-12,100184,1104,797,6,7284,46,758
2020-10-13,101493,1119,1309,15,7265,-19,760
2020-10-14,102615,1132,1122,13,7529,264,749
2020-10-15,103836,1143,1221,11,7601,72,781
2020-10-16,105308,1154,1472,11,7601,0,793
2020-10-17,106503,1168,1195,14,7770,169,792
2020-10-18,107299,1171,796,3,7798,28,792
2020-10-19,108073,1173,774,2,7815,17,792
2020-10-20,109548,1191,1475,18,7964,149,821
2020-10-21,110855,1210,1307,19,8077,113,870
2020-10-22,112483,1221,1628,11,8170,93,910
2020-10-23,113856,1234,1373,13,8265,95,956
2020-10-24,115685,1245,1829,11,8360,95,924
2020-10-25,116736,1249,1051,4,8386,26,924
2020-10-26,117399,1251,663,2,8408,22,924
2020-10-27,118409,1273,1010,22,8540,132,907
2020-10-28,119152,1286,743,13,8609,69,885
2020-10-29,120193,1306,1041,20,8688,79,874
2020-10-30,121495,1326,1302,20,8778,90,865
2020-10-31,122762,1337,1267,11,8889,111,852
2020-11-01,124111,1345,1349,8,8911,22,852
2020-11-02,125195,1354,1084,9,8934,23,852
2020-11-03,126526,1375,1331,21,9104,170,974
2020-11-04,127772,1392,1246,17,9219,115,1026
2020-11-05,129873,1413,2101,21,9338,119,1055
2020-11-06,131751,1429,1878,16,9438,100,1025
2020-11-07,131751,1429,0,0,9438,0,1045
2020-11-08,136258,1438,4507,9,9570,132,1045
2020-11-09,138455,1444,2197,6,9621,51,1045
2020-11-10,140157,1451,1702,7,9682,61,1102
2020-11-11,142334,1470,2177,19,9868,186,1248
2020-11-12,144691,1481,2357,11,10030,162,1248
2020-11-13,147358,1493,2667,12,10106,76,1279
2020-11-14,150205,1516,2847,23,10271,165,1247
2020-11-15,154128,1528,3923,12,10372,101,1247
2020-11-16,156857,1538,2729,10,10417,45,1247
2020-11-17,158408,1544,1551,6,10481,64,1381
2020-11-18,161425,1570,3017,26,10687,206,1434
2020-11-19,164340,1588,2915,18,10836,149,1381
2020-11-20,167261,1603,2921,15,11020,184,1428
2020-11-21,170924,1624,3663,21,11184,164,1505
2020-11-22,174330,1634,3406,10,11333,149,1505
2020-11-23,177874,1649,3544,15,11368,35,1505
2020-11-24,180610,1664,2736,15,11445,77,1566
2020-11-25,184342,1680,3732,16,11708,263,1604
2020-11-26,184342,1680,0,0,11708,0,1653
2020-11-27,187567,1704,3225,24,11898,190,1653
2020-11-28,193824,1717,6257,13,12080,182,1653
2020-11-29,195545,1736,1721,19,12221,141,1653
2020-11-30,197745,1743,2200,7,12258,37,1653
2020-12-01,199482,1758,1737,15,12293,35,1718
2020-12-02,202341,1812,2859,54,12578,285,1782
2020-12-03,204048,1836,1707,24,12773,195,1734
2020-12-04,208875,1860,4827,24,12949,176,1687
2020-12-05,213245,1874,4370,14,13128,179,1721
2020-12-06,216486,1896,3241,22,13119,-9,1721
2020-12-07,218389,1911,1903,15,13373,254,1721
2020-12-08,220686,1922,2297,11,13392,19,1698
2020-12-09,222993,1945,2307,23,13636,244,1745
2020-12-10,225453,1980,2460,35,13782,146,1709
2020-12-11,229353,2007,3900,27,13972,190,1730
2020-12-12,233336,2042,3983,35,14170,198,1664
2020-12-13,237668,2064,4332,22,14328,158,1664
2020-12-14,239767,2072,2099,8,14362,34,1664
2020-12-15,241991,2086,2224,14,14408,46,1741
2020-12-16,245229,2128,3238,42,14665,257,1717
2020-12-17,248204,2144,2975,16,14821,156,1699
2020-12-18,251760,2161,3556,17,14970,149,1733
2020-12-19,255868,2189,4108,28,15131,161,1704
2020-12-20,260838,2212,4970,23,15309,178,1704
2020-12-21,263434,2218,2596,6,15358,49,1704
2020-12-22,265620,2240,2186,22,15404,46,1759
2020-12-23,269276,2283,3656,43,15678,274,1728
2020-12-24,272553,2328,3277,45,15912,234,1836
2020-12-25,272553,2328,0,0,15912,0,1729
2020-12-26,276508,2357,3955,29,16122,210,1729
2020-12-27,279139,2370,2631,13,16289,167,1729
2020-12-28,282587,2383,3448,13,16336,47,1729
2020-12-29,283781,2405,1194,22,16426,90,1927
2020-12-30,287030,2453,3249,48,16813,387,1916
2020-12-31,290936,2489,3906,36,17059,246,1924
2021-01-01,290936,2489,0,0,17059,0,1910
2021-01-02,296055,2527,5119,38,17247,188,1910
2021-01-03,304072,2547,8017,20,17441,194,1910
2021-01-04,306771,2552,2699,5,17493,52,1910
2021-01-05,308268,2571,1497,19,17554,61,1909
2021-01-06,311573,2633,3305,62,17886,332,1994
2021-01-07,315354,2672,3781,39,18193,307,1987
2021-01-08,320586,2703,5232,31,18418,225,1961
2021-01-09,324875,2738,4289,35,18638,220,1926
2021-01-10,331362,2761,6487,23,18824,186,1926
2021-01-11,335247,2775,3885,14,18885,61,1926
2021-01-12,337457,2804,2210,29,18952,67,1902
2021-01-13,341364,2848,3907,44,19199,247,1856
2021-01-14,344506,2882,3142,34,19460,261,1844
2021-01-15,348044,2925,3538,43,19616,156,1847
2021-01-16,351665,2952,3621,27,19806,190,1866
2021-01-17,354979,2987,3314,35,20036,230,1866
2021-01-18,356816,2994,1837,7,20063,27,1866
2021-01-19,358374,3037,1558,43,20095,32,1866
2021-01-20,360360,3085,1986,48,20295,200,1776
2021-01-21,363046,3140,2686,55,20505,210,1722
2021-01-22,365992,3187,2946,47,20692,187,1634
2021-01-23,370149,3231,4157,44,20849,157,1595
2021-01-24,373090,3279,2941,48,21020,171,1595
2021-01-25,374853,3293,1763,14,21053,33,1595
2021-01-26,376424,3323,1571,30,21093,40,1454
2021-01-27,379110,3388,2686,65,21314,221,1322
2021-01-28,381430,3423,2320,35,21478,164,1250
2021-01-29,384217,3471,2787,48,21620,142,1247
2021-01-30,386590,3504,2373,33,21768,148,1184
2021-01-31,389472,3547,2882,43,21921,153,1184
2021-02-01,390868,3564,1396,17,21957,36,1184
2021-02-02,392164,3602,1296,38,21996,39,1123
2021-02-03,394283,3654,2119,52,22167,171,1048
2021-02-04,397065,3681,2782,27,22317,150,1008
2021-02-05,399727,3710,2662,29,22453,136,951
2021-02-06,401780,3761,2053,51,22593,140,917
2021-02-07,403954,3813,2174,52,22751,158,917
2021-02-08,404994,3817,1040,4,22774,23,917
2021-02-09,406064,3870,1070,53,22789,15,864
2021-02-10,407724,3900,1660,30,22930,141,856
2021-02-11,409401,3948,1677,48,23020,90,807
2021-02-12,410818,3959,1417,11,23085,65,806
2021-02-13,412276,3994,1458,35,23150,65,755
2021-02-14,413542,4024,1266,30,23248,98,755
2021-02-15,414272,4041,730,17,23256,8,755
2021-02-16,414780,4061,508,20,23270,14,755
2021-02-17,415858,4089,1078,28,23392,122,711
2021-02-18,416476,4112,618,23,23464,72,705
2021-02-19,417345,4132,869,20,23537,73,663
2021-02-20,418318,4155,973,23,23606,69,620
2021-02-21,419354,4181,1036,26,23667,61,620
2021-02-22,419853,4203,499,22,23684,17,620
2021-02-23,420212,4227,359,24,23700,16,602
2021-02-24,421010,4264,798,37,23768,68,591
2021-02-25,422156,4302,1146,38,23813,45,491
2021-02-26,423023,4320,867,18,23879,66,526
2021-02-27,423802,4379,779,59,23909,30,484
2021-02-28,424508,4428,706,49,23985,76,484
2021-03-01,424888,4478,380,50,23995,10,484
2021-03-02,424999,4534,111,56,23999,4,447
2021-03-03,425746,4534,747,0,24064,65,427
2021-03-04,426641,4534,895,0,24103,39,404
2021-03-05,427558,4534,917,0,24157,54,366
2021-03-06,428536,4534,978,0,24277,120,346
2021-03-07,428997,4534,461,0,24332,55,346
