"date","positive","death","positiveIncrease","deathIncrease","hospitalized","hospitalizedIncrease","hospitalizedCurrently"
2020-03-06,0,0,0,0,0,0,0
2020-03-07,0,0,0,0,0,0,0
2020-03-08,0,0,0,0,0,0,0
2020-03-09,0,0,0,0,0,0,0
2020-03-10,0,0,0,0,0,0,0
2020-03-11,0,0,0,0,0,0,0
2020-03-12,6,0,6,0,0,0,0
2020-03-13,9,0,3,0,0,0,0
2020-03-14,12,0,3,0,0,0,0
2020-03-15,16,0,4,0,0,0,0
2020-03-16,22,0,6,0,0,0,0
2020-03-17,22,0,0,0,0,0,0
2020-03-18,33,0,11,0,0,0,0
2020-03-19,46,0,13,0,0,0,0
2020-03-20,96,0,50,0,0,0,0
2020-03-21,118,0,22,0,0,0,0
2020-03-22,165,0,47,0,0,0,13
2020-03-23,174,0,9,0,0,0,13
2020-03-24,218,0,44,0,0,0,22
2020-03-25,280,2,62,2,0,0,22
2020-03-26,335,3,55,1,0,0,41
2020-03-27,381,3,46,0,0,0,48
2020-03-28,404,5,23,2,0,0,48
2020-03-29,426,6,22,1,0,0,43
2020-03-30,473,7,47,1,0,0,62
2020-03-31,523,8,50,1,0,0,64
2020-04-01,584,10,61,2,90,90,56
2020-04-02,643,12,59,2,100,10,66
2020-04-03,704,12,61,0,105,5,71
2020-04-04,743,14,39,2,106,1,72
2020-04-05,830,16,87,2,130,24,67
2020-04-06,875,16,45,0,137,7,74
2020-04-07,946,16,71,0,148,11,74
2020-04-08,1000,18,54,2,130,-18,76
2020-04-09,1119,21,119,3,130,0,73
2020-04-10,1171,23,52,2,130,0,86
2020-04-11,1226,24,55,1,130,0,86
2020-04-12,1280,27,54,3,130,0,74
2020-04-13,1410,30,130,3,130,0,74
2020-04-14,1480,30,70,0,130,0,81
2020-04-15,1569,33,89,3,130,0,83
2020-04-16,1620,37,51,4,130,0,85
2020-04-17,1695,37,75,0,130,0,83
2020-04-18,1739,38,44,1,291,161,86
2020-04-19,1781,40,42,2,291,0,88
2020-04-20,1923,42,142,2,291,0,93
2020-04-21,2227,43,304,1,291,0,86
2020-04-22,2276,42,49,-1,291,0,97
2020-04-23,2465,45,189,3,291,0,101
2020-04-24,2741,45,276,0,291,0,101
2020-04-25,2829,47,88,2,291,0,104
2020-04-26,2941,49,112,2,291,0,104
2020-04-27,3017,50,76,1,291,0,109
2020-04-28,3111,52,94,2,291,0,104
2020-04-29,3192,59,81,7,389,98,93
2020-04-30,3255,61,63,2,402,13,95
2020-05-01,3321,64,66,3,414,12,95
2020-05-02,3372,73,51,9,414,0,95
2020-05-03,3431,76,59,3,427,13,100
2020-05-04,3458,81,27,5,438,11,91
2020-05-05,3496,83,38,2,453,15,89
2020-05-06,3568,85,72,2,453,0,69
2020-05-07,3611,87,43,2,462,9,69
2020-05-08,3694,88,83,1,466,4,70
2020-05-09,3747,88,53,0,471,5,64
2020-05-10,3747,88,0,0,471,0,64
2020-05-11,4034,94,287,6,480,9,61
2020-05-12,4164,95,130,1,485,5,59
2020-05-13,4164,95,0,0,497,12,59
2020-05-14,4236,97,72,2,509,12,64
2020-05-15,4463,98,227,1,520,11,65
2020-05-16,4578,98,115,0,520,0,65
2020-05-17,4759,98,181,0,520,0,65
2020-05-18,4813,100,54,2,530,10,77
2020-05-19,4923,102,110,2,535,5,78
2020-05-20,5003,107,80,5,535,0,78
2020-05-21,5458,110,455,3,535,0,78
2020-05-22,5612,113,154,3,584,49,86
2020-05-23,5612,113,0,0,590,6,81
2020-05-24,5922,116,310,3,598,8,86
2020-05-25,6029,117,107,1,605,7,92
2020-05-26,6180,119,151,2,617,12,107
2020-05-27,6277,120,97,1,627,10,108
2020-05-28,6538,120,261,0,640,13,104
2020-05-29,6538,125,0,5,667,27,104
2020-05-30,7013,133,475,8,702,35,104
2020-05-31,7253,133,240,0,711,9,115
2020-06-01,7443,133,190,0,711,0,115
2020-06-02,7443,133,0,0,718,7,121
2020-06-03,8067,142,624,9,731,13,132
2020-06-04,8067,142,0,0,757,26,138
2020-06-05,8651,152,584,10,792,35,147
2020-06-06,9101,154,450,2,838,46,154
2020-06-07,9426,154,325,0,844,6,145
2020-06-08,9740,155,314,1,844,0,171
2020-06-09,10080,161,340,6,865,21,173
2020-06-10,10368,165,288,4,901,36,181
2020-06-11,10816,171,448,6,925,24,187
2020-06-12,11547,176,731,5,961,36,203
2020-06-13,11547,176,0,0,979,18,203
2020-06-14,12501,179,954,3,998,19,204
2020-06-15,12917,182,416,3,1003,5,206
2020-06-16,13191,182,274,0,1026,23,214
2020-06-17,13606,197,415,15,1052,26,217
2020-06-18,13928,208,322,11,1074,22,226
2020-06-19,14631,214,703,6,1100,26,224
2020-06-20,15142,224,511,10,1100,0,224
2020-06-21,15142,224,0,0,1152,52,240
2020-06-22,16083,227,941,3,1164,12,237
2020-06-23,16678,237,595,10,1188,24,248
2020-06-24,17375,240,697,3,1214,26,267
2020-06-25,18062,240,687,0,1245,31,284
2020-06-26,18062,240,0,0,1300,55,284
2020-06-27,18740,249,678,9,1337,37,284
2020-06-28,19310,259,570,10,1373,36,278
2020-06-29,20257,265,947,6,1380,7,300
2020-06-30,20777,270,520,5,1413,33,290
2020-07-01,21197,277,420,7,1448,35,275
2020-07-02,22075,279,878,2,1477,29,272
2020-07-03,22622,281,547,2,1517,40,285
2020-07-04,23209,286,587,5,1536,19,285
2020-07-05,23209,286,0,0,1536,0,285
2020-07-06,24253,292,1044,6,1575,39,337
2020-07-07,24512,292,259,0,1604,29,369
2020-07-08,24512,301,0,9,1655,51,358
2020-07-09,26052,309,1540,8,1705,50,394
2020-07-10,26803,313,751,4,1743,38,402
2020-07-11,26803,313,0,0,1780,37,402
2020-07-12,28367,321,1564,8,1822,42,412
2020-07-13,28939,323,572,2,1836,14,439
2020-07-14,29733,331,794,8,1872,36,445
2020-07-15,30297,335,564,4,1948,76,458
2020-07-16,31114,341,817,6,1994,46,470
2020-07-17,31762,353,648,12,2070,76,464
2020-07-18,31762,353,0,0,2135,65,464
2020-07-19,32533,357,771,4,2177,42,453
2020-07-20,33927,357,1394,0,2202,25,471
2020-07-21,34655,374,728,17,2257,55,488
2020-07-22,35246,380,591,6,2317,60,474
2020-07-23,36259,386,1013,6,2361,44,480
2020-07-24,37249,394,990,8,2361,0,497
2020-07-25,37249,394,0,0,2361,0,497
2020-07-26,38623,401,1374,7,2542,181,479
2020-07-27,39447,408,824,7,2624,82,489
2020-07-28,40181,428,734,20,2686,62,501
2020-07-29,40968,434,787,6,2747,61,508
2020-07-30,41759,442,791,8,2747,0,508
2020-07-31,42511,453,752,11,2852,105,507
2020-08-01,43173,460,662,7,2852,0,507
2020-08-02,43173,458,0,-2,2894,42,499
2020-08-03,44597,475,1424,17,2966,72,513
2020-08-04,45381,490,784,15,3054,88,526
2020-08-05,46293,508,912,18,3118,64,516
2020-08-06,47028,515,735,7,3118,0,514
2020-08-07,48039,521,1011,6,3168,50,514
2020-08-08,48039,521,0,0,3223,55,523
2020-08-09,49383,544,1344,23,3284,61,497
2020-08-10,50028,555,645,11,3336,52,508
2020-08-11,50411,566,383,11,3401,65,507
2020-08-12,51114,566,703,0,3472,71,486
2020-08-13,51766,582,652,16,3566,94,473
2020-08-14,52392,587,626,5,3566,0,466
2020-08-15,51992,600,-400,13,3562,-4,464
2020-08-16,52665,599,673,-1,3570,8,478
2020-08-17,53077,603,412,4,3621,51,486
2020-08-18,53487,619,410,16,3695,74,492
2020-08-19,54216,631,729,12,3743,48,499
2020-08-20,54765,641,549,10,3790,47,499
2020-08-21,55652,663,887,22,3856,66,509
2020-08-22,56199,674,547,11,3908,52,492
2020-08-23,56574,687,375,13,3920,12,500
2020-08-24,56894,696,320,9,3962,42,466
2020-08-25,57374,711,480,15,4013,51,442
2020-08-26,58023,732,649,21,4061,48,435
2020-08-27,58745,739,722,7,4104,43,433
2020-08-28,59583,756,838,17,4142,38,407
2020-08-29,60378,772,795,16,4142,0,407
2020-08-30,60856,784,478,12,4182,40,391
2020-08-31,61224,797,368,13,4213,31,420
2020-09-01,61497,814,273,17,4306,93,423
2020-09-02,62112,841,615,27,4341,35,435
2020-09-03,63504,861,1392,20,4386,45,425
2020-09-04,64678,873,1174,12,4422,36,401
2020-09-05,65226,882,548,9,4456,34,385
2020-09-06,65226,894,0,12,4462,6,389
2020-09-07,66280,908,1054,14,4486,24,399
2020-09-08,66757,917,477,9,4524,38,409
2020-09-09,67255,928,498,11,4574,50,411
2020-09-10,67803,940,548,12,4606,32,392
2020-09-11,68983,953,1180,13,4678,72,392
2020-09-12,69710,969,727,16,4678,0,392
2020-09-13,70219,981,509,12,4719,41,381
2020-09-14,70627,992,408,11,4736,17,378
2020-09-15,71357,1010,730,18,4802,66,389
2020-09-16,72219,1157,862,147,4840,38,387
2020-09-17,73211,1166,992,9,4896,56,389
2020-09-18,74082,1173,871,7,4932,36,381
2020-09-19,75160,1173,1078,0,4963,31,372
2020-09-20,75723,1181,563,8,4967,4,404
2020-09-21,76364,1197,641,16,4986,19,439
2020-09-22,76981,1209,617,12,5055,69,453
2020-09-23,77963,1229,982,20,5098,43,460
2020-09-24,79049,1246,1086,17,5160,62,450
2020-09-25,79946,1266,897,20,5202,42,478
2020-09-26,80755,1285,809,19,5202,0,447
2020-09-27,81242,1308,487,23,5235,33,452
2020-09-28,82049,1329,807,21,5248,13,491
2020-09-29,82755,1350,706,21,5354,106,491
2020-09-30,83697,1369,942,19,5354,0,484
2020-10-01,84821,1384,1124,15,5445,91,479
2020-10-02,85779,1391,958,7,5488,43,473
2020-10-03,86525,1407,746,16,5527,39,474
2020-10-04,87013,1425,488,18,5550,23,499
2020-10-05,87430,1447,417,22,5586,36,516
2020-10-06,88071,1447,641,0,5658,72,523
2020-10-07,88880,1482,809,35,5740,82,519
2020-10-08,90145,1503,1265,21,5805,65,546
2020-10-09,90145,1503,0,0,5805,0,546
2020-10-10,92220,1552,2075,49,5900,95,554
2020-10-11,92833,1569,613,17,5910,10,566
2020-10-12,93487,1586,654,17,5960,50,608
2020-10-13,94167,1611,680,25,6069,109,601
2020-10-14,95246,1634,1079,23,6148,79,582
2020-10-15,96524,1645,1278,11,6199,51,587
2020-10-16,97539,1665,1015,20,6243,44,583
2020-10-17,98422,1684,883,19,6278,35,573
2020-10-18,99066,1704,644,20,6315,37,565
2020-10-19,99597,1714,531,10,6361,46,604
2020-10-20,100441,1728,844,14,6428,67,627
2020-10-21,101596,1751,1155,23,6526,98,626
2020-10-22,102798,1772,1202,21,6526,0,603
2020-10-23,104135,1782,1337,10,6678,152,610
2020-10-24,105318,1797,1183,15,6707,29,606
2020-10-25,106115,1812,797,15,6718,11,618
2020-10-26,106727,1833,612,21,6768,50,634
2020-10-27,107679,1857,952,24,6841,73,660
2020-10-28,108640,1875,961,18,6920,79,644
2020-10-29,109712,1894,1072,19,6967,47,647
2020-10-30,110874,1900,1162,6,7003,36,649
2020-10-31,112190,1925,1316,25,7038,35,652
2020-11-01,112190,1925,0,0,7055,17,639
2020-11-02,113641,1985,1451,60,7110,55,672
2020-11-03,114519,2003,878,18,7194,84,652
2020-11-04,115812,2026,1293,23,7273,79,627
2020-11-05,117360,2037,1548,11,7326,53,633
2020-11-06,119230,2056,1870,19,7401,75,633
2020-11-07,120828,2068,1598,12,7415,14,633
2020-11-08,121866,2085,1038,17,7434,19,633
2020-11-09,122811,2108,945,23,7496,62,786
2020-11-10,124235,2112,1424,4,7579,83,809
2020-11-11,126197,2126,1962,14,7635,56,801
2020-11-12,128006,2144,1809,18,7715,80,805
2020-11-13,130318,2148,2312,4,7817,102,826
2020-11-14,130318,2148,0,0,7847,30,799
2020-11-15,133040,2183,2722,35,7876,29,830
2020-11-16,134348,2225,1308,42,7949,73,861
2020-11-17,135902,2245,1554,20,8050,101,902
2020-11-18,137617,2275,1715,30,8139,89,893
2020-11-19,139855,2297,2238,22,8268,129,891
2020-11-20,141916,2321,2061,24,8353,85,928
2020-11-21,143821,2337,1905,16,8415,62,922
2020-11-22,145173,2357,1352,20,8472,57,962
2020-11-23,146190,2387,1017,30,8523,51,974
2020-11-24,148312,2405,2122,18,8620,97,988
2020-11-25,150277,2425,1965,20,8711,91,1028
2020-11-26,152625,2436,2348,11,8711,0,1003
2020-11-27,153677,2436,1052,0,8779,68,1011
2020-11-28,155026,2449,1349,13,8819,40,1010
2020-11-29,156247,2470,1221,21,8843,24,1030
2020-11-30,157359,2502,1112,32,8937,94,1063
2020-12-01,159309,2512,1950,10,9021,84,1074
2020-12-02,161521,2522,2212,10,9110,89,1088
2020-12-03,164310,2555,2789,33,9206,96,1072
2020-12-04,167137,2586,2827,31,9329,123,1041
2020-12-05,169382,2620,2245,34,9380,51,1056
2020-12-06,170924,2660,1542,40,9401,21,1076
2020-12-07,172042,2713,1118,53,9445,44,1053
2020-12-08,174325,2752,2283,39,9577,132,1081
2020-12-09,176652,2786,2327,34,9675,98,1064
2020-12-10,178854,2820,2202,34,9709,34,1005
2020-12-11,181624,2875,2770,55,9848,139,1059
2020-12-12,184252,2911,2628,36,9911,63,1071
2020-12-13,185702,2945,1450,34,9927,16,1057
2020-12-14,187507,2990,1805,45,9991,64,1050
2020-12-15,189198,3016,1691,26,10096,105,1070
2020-12-16,191504,3074,2306,58,10230,134,1079
2020-12-17,194543,3112,3039,38,10357,127,1084
2020-12-18,197421,3139,2878,27,10430,73,1073
2020-12-19,200114,3191,2693,52,10487,57,1061
2020-12-20,201650,3237,1536,46,10502,15,1061
2020-12-21,203107,3295,1457,58,10570,68,1078
2020-12-22,205048,3338,1941,43,10651,81,1103
2020-12-23,207941,3376,2893,38,10826,175,1110
2020-12-24,211145,3406,3204,30,10879,53,1093
2020-12-25,213267,3438,2122,32,10927,48,1062
2020-12-26,213969,3441,702,3,10956,29,1059
2020-12-27,214877,3482,908,41,11009,53,1093
2020-12-28,216528,3537,1651,55,11062,53,1155
2020-12-29,219246,3603,2718,66,11168,106,1161
2020-12-30,222430,3637,3184,34,11271,103,1174
2020-12-31,225138,3676,2708,39,11358,87,1195
2021-01-01,229442,3711,4304,35,11450,92,1185
2021-01-02,231442,3729,2000,18,11487,37,1216
2021-01-03,233475,3749,2033,20,11514,27,1234
2021-01-04,234781,3800,1306,51,11514,0,1296
2021-01-05,238888,3836,4107,36,11743,229,1323
2021-01-06,242593,3901,3705,65,11867,124,1321
2021-01-07,245916,3926,3323,25,11900,33,1326
2021-01-08,248860,3966,2944,40,11968,68,1342
2021-01-09,251746,4010,2886,44,12087,119,1346
2021-01-10,255076,4043,3330,33,12115,28,1340
2021-01-11,256344,4081,1268,38,12115,0,1371
2021-01-12,259553,4121,3209,40,12313,198,1354
2021-01-13,262020,4186,2467,65,12414,101,1362
2021-01-14,264511,4228,2491,42,12503,89,1295
2021-01-15,267635,4263,3124,35,12598,95,1314
2021-01-16,270178,4293,2543,30,12686,88,1292
2021-01-17,271154,4311,976,18,12701,15,1271
2021-01-18,272263,4343,1109,32,12756,55,1263
2021-01-19,273594,4386,1331,43,12851,95,1265
2021-01-20,276114,4441,2520,55,12982,131,1179
2021-01-21,279220,4496,3106,55,13055,73,1160
2021-01-22,281382,4549,2162,53,13130,75,1142
2021-01-23,282995,4563,1613,14,13250,120,1094
2021-01-24,284066,4606,1071,43,13267,17,1080
2021-01-25,284702,4650,636,44,13312,45,1084
2021-01-26,287187,4690,2485,40,13401,89,1095
2021-01-27,288964,4742,1777,52,13447,46,1029
2021-01-28,290856,4784,1892,42,13505,58,996
2021-01-29,292563,4831,1707,47,13552,47,951
2021-01-30,294387,4838,1824,7,13599,47,911
2021-01-31,295268,4868,881,30,13610,11,913
2021-02-01,296494,4895,1226,27,13651,41,889
2021-02-02,298004,4939,1510,44,13730,79,869
2021-02-03,300430,4985,2426,46,13813,83,884
2021-02-04,302899,5009,2469,24,13902,89,815
2021-02-05,304723,5050,1824,41,13902,0,808
2021-02-06,306064,5061,1341,11,14049,147,750
2021-02-07,306736,5076,672,15,14066,17,781
2021-02-08,307373,5106,637,30,14099,33,777
2021-02-09,308848,5148,1475,42,14174,75,775
2021-02-10,309940,5174,1092,26,14211,37,735
2021-02-11,311043,5199,1103,25,14255,44,712
2021-02-12,311608,5212,565,13,14278,23,712
2021-02-13,312562,5252,954,40,14298,20,690
2021-02-14,313028,5265,466,13,14332,34,669
2021-02-15,313348,5275,320,10,14355,23,642
2021-02-16,313525,5287,177,12,14392,37,638
2021-02-17,314192,5313,667,26,14392,0,638
2021-02-18,314445,5323,253,10,14469,77,625
2021-02-19,314713,5336,268,13,14500,31,630
2021-02-20,315230,5348,517,12,14526,26,605
2021-02-21,315514,5357,284,9,14540,14,577
2021-02-22,315759,5363,245,6,14570,30,588
2021-02-23,316593,5377,834,14,14617,47,545
2021-02-24,317396,5387,803,10,14649,32,545
2021-02-25,318122,5397,726,10,14714,65,522
2021-02-26,318638,5407,516,10,14747,33,504
2021-02-27,319195,5417,557,10,14763,16,475
2021-02-28,322415,5243,3220,-174,14763,0,455
2021-03-01,322509,5250,94,7,14763,0,441
2021-03-02,322949,5254,440,4,14795,32,416
2021-03-03,323353,5261,404,7,14826,31,397
2021-03-04,323756,5273,403,12,14876,50,397
2021-03-05,324326,5283,570,10,14903,27,359
2021-03-06,324653,5297,327,14,14915,12,345
2021-03-07,324818,5319,165,22,14926,11,335
