"date","positive","death","positiveIncrease","deathIncrease","hospitalized","hospitalizedIncrease","hospitalizedCurrently"
2020-03-01,14,0,0,0,0,0,0
2020-03-02,27,0,13,0,0,0,0
2020-03-03,50,0,23,0,0,0,0
2020-03-04,74,0,24,0,0,0,0
2020-03-05,100,0,26,0,0,0,0
2020-03-06,140,0,40,0,0,0,0
2020-03-07,188,0,48,0,0,0,0
2020-03-08,251,0,63,0,0,0,0
2020-03-09,372,0,121,0,0,0,0
2020-03-10,528,0,156,0,0,0,0
2020-03-11,727,0,199,0,0,0,0
2020-03-12,997,1,270,1,0,0,0
2020-03-13,1361,1,364,0,0,0,0
2020-03-14,1728,1,367,0,0,0,0
2020-03-15,2188,1,460,0,0,0,0
2020-03-16,2895,2,707,1,0,0,0
2020-03-17,3659,2,764,0,0,0,0
2020-03-18,4531,5,872,3,0,0,0
2020-03-19,5276,10,745,5,0,0,0
2020-03-20,6219,13,943,3,0,0,0
2020-03-21,7023,23,804,10,0,0,0
2020-03-22,7822,36,799,13,0,0,0
2020-03-23,9062,57,1240,21,0,0,0
2020-03-24,10155,86,1093,29,0,0,0
2020-03-25,11335,111,1180,25,0,0,0
2020-03-26,12475,159,1140,48,0,0,0
2020-03-27,13799,212,1324,53,0,0,0
2020-03-28,14865,283,1066,71,0,0,0
2020-03-29,15784,351,919,68,0,0,0
2020-03-30,17363,437,1579,86,0,0,0
2020-03-31,18654,551,1291,114,0,0,0
2020-04-01,20246,676,1592,125,0,0,0
2020-04-02,21376,801,1130,125,0,0,0
2020-04-03,22579,918,1203,117,0,0,0
2020-04-04,23581,1030,1002,112,0,0,0
2020-04-05,24458,1150,877,120,0,0,0
2020-04-06,25785,1291,1327,141,0,0,0
2020-04-07,26964,1449,1179,158,0,0,0
2020-04-08,28064,1600,1100,151,0,0,0
2020-04-09,29096,1756,1032,156,0,0,3826
2020-04-10,30172,1917,1076,161,0,0,3823
2020-04-11,30980,2081,808,164,0,0,3636
2020-04-12,31666,2249,686,168,0,0,3636
2020-04-13,32702,2391,1036,142,0,0,3986
2020-04-14,33613,2532,911,141,0,0,3910
2020-04-15,34533,2672,920,140,0,0,3918
2020-04-16,35455,2841,922,169,0,0,3809
2020-04-17,36320,2984,865,143,0,0,3674
2020-04-18,37029,3107,709,123,0,0,3634
2020-04-19,37557,3236,528,129,0,0,3403
2020-04-20,38494,3347,937,111,0,0,3374
2020-04-21,39589,3471,1095,124,0,0,3357
2020-04-22,40705,3602,1116,131,0,0,3305
2020-04-23,41694,3711,989,109,0,0,3611
2020-04-24,42730,3818,1036,107,0,0,3022
2020-04-25,43263,3929,533,111,0,0,2889
2020-04-26,43789,4036,526,107,0,0,2757
2020-04-27,44709,4148,920,112,0,0,2667
2020-04-28,45538,4247,829,99,0,0,2623
2020-04-29,46488,4335,950,88,0,0,2498
2020-04-30,47505,4434,1017,99,0,0,2319
2020-05-01,48240,4520,735,86,0,0,2319
2020-05-02,48672,4579,432,59,0,0,2100
2020-05-03,49029,4641,357,62,0,0,2100
2020-05-04,49809,4722,780,81,0,0,1948
2020-05-05,50497,4781,688,59,0,0,1948
2020-05-06,51131,4839,634,58,0,0,1818
2020-05-07,51731,4925,600,86,0,0,1697
2020-05-08,52349,4987,618,62,0,0,1637
2020-05-09,52732,5036,383,49,0,0,1531
2020-05-10,53033,5081,301,45,0,0,1437
2020-05-11,54004,5139,971,58,0,0,1424
2020-05-12,55641,5188,1637,49,0,0,1384
2020-05-13,56458,5232,817,44,0,0,1384
2020-05-14,57036,5278,578,46,0,0,1330
2020-05-15,57687,5325,651,47,0,0,1256
2020-05-16,58023,5357,336,32,0,0,1256
2020-05-17,58278,5396,255,39,0,0,1114
2020-05-18,58812,5427,534,31,0,0,1075
2020-05-19,59576,5470,764,43,0,0,1079
2020-05-20,60151,5514,575,44,0,0,1066
2020-05-21,60610,5555,459,41,0,0,1054
2020-05-22,61075,5586,465,31,0,0,955
2020-05-23,61293,5612,218,26,0,0,953
2020-05-24,61457,5640,164,28,0,0,953
2020-05-25,61632,5678,175,38,0,0,953
2020-05-26,62075,5703,443,25,0,0,953
2020-05-27,62461,5727,386,24,0,0,882
2020-05-28,62797,5751,336,24,0,0,860
2020-05-29,63116,5778,319,27,0,0,774
2020-05-30,63321,5802,205,24,0,0,774
2020-05-31,63568,5818,247,16,0,0,774
2020-06-01,63813,5843,245,25,0,0,674
2020-06-02,64103,5869,290,26,0,0,674
2020-06-03,64382,5884,279,15,0,0,646
2020-06-04,64616,5901,234,17,0,0,617
2020-06-05,64821,5909,205,8,0,0,617
2020-06-06,64914,5916,93,7,0,0,864
2020-06-07,64969,5927,55,11,0,0,864
2020-06-08,65104,5942,135,15,0,0,661
2020-06-09,65167,5951,63,9,0,0,661
2020-06-10,65182,5952,15,1,0,0,661
2020-06-11,65449,5985,267,33,0,0,661
2020-06-12,65672,5990,223,5,0,0,636
2020-06-13,65836,6013,164,23,0,0,636
2020-06-14,66054,6016,218,3,0,0,636
2020-06-15,66085,6017,31,1,0,0,562
2020-06-16,66269,6034,184,17,0,0,562
2020-06-17,66497,6036,228,2,0,0,562
2020-06-18,66798,6061,301,25,0,0,557
2020-06-19,67097,6067,299,6,0,0,557
2020-06-20,67545,6087,448,20,0,0,557
2020-06-21,67711,6090,166,3,0,0,557
2020-06-22,67957,6097,246,7,0,0,557
2020-06-23,68197,6109,240,12,0,0,557
2020-06-24,68555,6114,358,5,0,0,557
2020-06-25,68989,6133,434,19,0,0,557
2020-06-26,69329,6134,340,1,0,0,557
2020-06-27,69679,6153,350,19,0,0,557
2020-06-28,69946,6158,267,5,0,0,557
2020-06-29,70223,6161,277,3,0,0,557
2020-06-30,70728,6193,505,32,0,0,471
2020-07-01,71089,6198,361,5,0,0,471
2020-07-02,71678,6212,589,14,0,0,548
2020-07-03,72175,6215,497,3,0,0,548
2020-07-04,72581,6218,406,3,0,0,548
2020-07-05,72941,6218,360,0,0,0,548
2020-07-06,73269,6221,328,3,0,0,505
2020-07-07,73900,6251,631,30,0,0,505
2020-07-08,74551,6262,651,11,0,0,505
2020-07-09,75063,6271,512,9,0,0,505
2020-07-10,75685,6285,622,14,0,0,505
2020-07-11,76370,6313,685,28,0,0,505
2020-07-12,76776,6314,406,1,0,0,505
2020-07-13,77198,6321,422,7,0,0,543
2020-07-14,77864,6326,666,5,0,0,543
2020-07-15,78913,6330,1049,4,0,0,543
2020-07-16,79839,6348,926,18,0,0,680
2020-07-17,80593,6355,754,7,0,0,680
2020-07-18,81338,6364,745,9,0,0,680
2020-07-19,81868,6366,530,2,0,0,680
2020-07-20,82395,6373,527,7,0,0,680
2020-07-21,83059,6382,664,9,0,0,680
2020-07-22,83730,6388,671,6,0,0,680
2020-07-23,84431,6395,701,7,0,0,680
2020-07-24,85072,6400,641,5,0,0,751
2020-07-25,85072,6400,0,0,0,0,751
2020-07-26,86661,6400,1589,0,0,0,680
2020-07-27,87173,6405,512,5,0,0,670
2020-07-28,87958,6421,785,16,0,0,670
2020-07-29,88974,6422,1016,1,0,0,670
2020-07-30,89781,6443,807,21,0,0,727
2020-07-31,90574,6450,793,7,0,0,727
2020-08-01,91332,6457,758,7,0,0,727
2020-08-02,91761,6457,429,0,0,0,727
2020-08-03,92374,6463,613,6,0,0,694
2020-08-04,93175,6471,801,8,0,0,694
2020-08-05,93893,6478,718,7,0,0,694
2020-08-06,94656,6506,763,28,0,0,694
2020-08-07,95470,6524,814,18,0,0,694
2020-08-08,96191,6520,721,-4,0,0,694
2020-08-09,96726,6519,535,-1,0,0,694
2020-08-10,97306,6526,580,7,0,0,640
2020-08-11,98213,6533,907,7,0,0,640
2020-08-12,98689,6539,476,6,0,0,640
2020-08-13,99856,6555,1167,16,0,0,713
2020-08-14,100724,6566,868,11,0,0,713
2020-08-15,101782,6586,1058,20,0,0,713
2020-08-16,102259,6592,477,6,0,0,713
2020-08-17,102749,6592,490,0,0,0,653
2020-08-18,103403,6608,654,16,0,0,653
2020-08-19,104091,6618,688,10,0,0,653
2020-08-20,104618,6634,527,16,0,0,646
2020-08-21,104618,6634,0,0,0,0,646
2020-08-22,106044,6655,1426,21,0,0,646
2020-08-23,106808,6659,764,4,0,0,646
2020-08-24,107686,6663,878,4,0,0,637
2020-08-25,108637,6684,951,21,0,0,637
2020-08-26,109480,6690,843,6,0,0,637
2020-08-27,110343,6706,863,16,0,0,669
2020-08-28,111136,6712,793,6,0,0,669
2020-08-29,111136,6712,0,0,0,0,669
2020-08-30,112526,6748,1390,36,0,0,669
2020-08-31,113025,6753,499,5,0,0,629
2020-09-01,113820,6767,795,14,0,0,629
2020-09-02,114468,6781,648,14,0,0,629
2020-09-03,115242,6791,774,10,0,0,616
2020-09-04,116295,6798,1053,7,0,0,616
2020-09-05,117191,6806,896,8,0,0,616
2020-09-06,117191,6806,0,0,0,0,616
2020-09-07,118403,6810,1212,4,0,0,616
2020-09-08,118902,6811,499,1,0,0,616
2020-09-09,119863,6887,961,76,0,0,616
2020-09-10,120846,6894,983,7,0,0,627
2020-09-11,122251,6900,1405,6,0,0,627
2020-09-12,123058,6911,807,11,0,0,627
2020-09-13,123058,6911,0,0,0,0,627
2020-09-14,124287,6921,1229,10,0,0,590
2020-09-15,124969,6932,682,11,0,0,590
2020-09-16,125742,6943,773,11,0,0,590
2020-09-17,126722,6955,980,12,0,0,590
2020-09-18,127500,6954,778,-1,0,0,557
2020-09-19,128087,6969,587,15,0,0,557
2020-09-20,128087,6969,0,0,0,0,557
2020-09-21,129662,6981,1575,12,0,0,501
2020-09-22,130357,6997,695,16,0,0,501
2020-09-23,131259,7013,902,16,0,0,501
2020-09-24,132337,7019,1078,6,0,0,558
2020-09-25,133377,7027,1040,8,0,0,558
2020-09-26,134373,7044,996,17,0,0,558
2020-09-27,134373,7044,0,0,0,0,558
2020-09-28,135702,7051,1329,7,0,0,557
2020-09-29,136820,7072,1118,21,0,0,557
2020-09-30,138014,7083,1194,11,0,0,557
2020-10-01,139012,7102,998,19,0,0,678
2020-10-02,139996,7110,984,8,0,0,678
2020-10-03,141271,7124,1275,14,0,0,678
2020-10-04,141271,7124,0,0,0,0,678
2020-10-05,142726,7139,1455,15,0,0,678
2020-10-06,143878,7161,1152,22,0,0,678
2020-10-07,145092,7169,1214,8,0,0,687
2020-10-08,146493,7193,1401,24,0,0,862
2020-10-09,147816,7200,1323,7,0,0,862
2020-10-10,149464,7219,1648,19,0,0,862
2020-10-11,149464,7219,0,0,0,0,862
2020-10-12,151396,7225,1932,6,0,0,899
2020-10-13,152862,7255,1466,30,0,0,899
2020-10-14,154455,7268,1593,13,0,0,899
2020-10-15,156913,7302,2458,34,0,0,1000
2020-10-16,159119,7317,2206,15,0,0,1000
2020-10-17,159119,7317,0,0,0,0,1000
2020-10-18,159119,7317,0,0,0,0,1000
2020-10-19,164123,7363,5004,46,0,0,1050
2020-10-20,165994,7383,1871,20,0,0,1050
2020-10-21,167872,7418,1878,35,0,0,1050
2020-10-22,170076,7464,2204,46,0,0,1182
2020-10-23,172122,7484,2046,20,0,0,1182
2020-10-24,175612,7522,3490,38,0,0,1182
2020-10-25,175612,7522,0,0,0,0,1182
2020-10-26,179669,7552,4057,30,0,0,1332
2020-10-27,182344,7585,2675,33,0,0,1332
2020-10-28,185934,7606,3590,21,0,0,1332
2020-10-29,190043,7653,4109,47,0,0,1332
2020-10-30,193388,7665,3345,12,0,0,1728
2020-10-31,197406,7699,4018,34,0,0,1728
2020-11-01,197406,7699,0,0,0,0,1728
2020-11-02,204326,7716,6920,17,0,0,1966
2020-11-03,207763,7761,3437,45,0,0,2059
2020-11-04,212160,7782,4397,21,0,0,2215
2020-11-05,218263,7833,6103,51,0,0,2280
2020-11-06,222509,7880,4246,47,0,0,2425
2020-11-07,229003,7945,6494,65,0,0,2425
2020-11-08,229003,7945,0,0,0,0,2425
2020-11-09,238308,8008,9305,63,0,0,2815
2020-11-10,245252,8094,6944,86,0,0,2959
2020-11-11,251872,8136,6620,42,0,0,3093
2020-11-12,259183,8185,7311,49,0,0,3209
2020-11-13,268362,8308,9179,123,0,0,3241
2020-11-14,275792,8376,7430,68,0,0,3241
2020-11-15,275792,8376,0,0,0,0,3241
2020-11-16,288954,8431,13162,55,0,0,3580
2020-11-17,296840,8511,7886,80,0,0,3752
2020-11-18,303058,8573,6218,62,0,0,3792
2020-11-19,311041,8717,7983,144,0,0,3824
2020-11-20,321181,8774,10140,57,0,0,3887
2020-11-21,329021,8875,7840,101,0,0,3887
2020-11-22,329021,8875,0,0,0,0,3887
2020-11-23,340964,8940,11943,65,0,0,4047
2020-11-24,347746,9094,6782,154,0,0,4087
2020-11-25,352433,9170,4687,76,0,0,4063
2020-11-26,352433,9170,0,0,0,0,4063
2020-11-27,369801,9357,17368,187,0,0,4097
2020-11-28,378152,9467,8351,110,0,0,4097
2020-11-29,378152,9467,0,0,0,0,4097
2020-11-30,388942,9564,10790,97,0,0,4326
2020-12-01,395453,9759,6511,195,0,0,4310
2020-12-02,402886,9842,7433,83,0,0,4266
2020-12-03,410843,10035,7957,193,0,0,4175
2020-12-04,420268,10117,9425,82,0,0,4141
2020-12-05,426576,10321,6308,204,0,0,4141
2020-12-06,426576,10321,0,0,0,0,4141
2020-12-07,436400,10422,9824,101,0,0,4122
2020-12-08,443076,10625,6676,203,0,0,4091
2020-12-09,448418,10706,5342,81,0,0,3925
2020-12-10,454720,10900,6302,194,0,0,3893
2020-12-11,460346,10965,5626,65,0,0,3893
2020-12-12,465159,11195,4813,230,0,0,3893
2020-12-13,465159,11195,0,0,0,0,3893
2020-12-14,472780,11289,7621,94,0,0,3802
2020-12-15,478171,11495,5391,206,0,0,3674
2020-12-16,482815,11588,4644,93,0,0,3571
2020-12-17,487356,11801,4541,213,0,0,3395
2020-12-18,491875,11868,4519,67,0,0,3284
2020-12-19,496056,12074,4181,206,0,0,3284
2020-12-20,496056,12074,0,0,0,0,3284
2020-12-21,501115,12153,5059,79,0,0,3179
2020-12-22,504629,12342,3514,189,0,0,3156
2020-12-23,508449,12415,3820,73,0,0,3108
2020-12-24,508449,12415,0,0,0,0,3108
2020-12-25,508449,12415,0,0,0,0,3108
2020-12-26,516326,12690,7877,275,0,0,3108
2020-12-27,516326,12690,0,0,0,0,3108
2020-12-28,519876,12754,3550,64,0,0,2811
2020-12-29,523839,12966,3963,212,0,0,2906
2020-12-30,528621,13018,4782,52,0,0,2758
2020-12-31,528621,13018,0,0,0,0,2758
2021-01-01,528621,13018,0,0,0,0,2758
2021-01-02,538121,13306,9500,288,0,0,2758
2021-01-03,538121,13306,0,0,0,0,2758
2021-01-04,543611,13391,5490,85,0,0,2698
2021-01-05,546642,13608,3031,217,0,0,2758
2021-01-06,551498,13667,4856,59,0,0,2657
2021-01-07,555747,13873,4249,206,0,0,2578
2021-01-08,559655,13913,3908,40,0,0,2480
2021-01-09,562553,14145,2898,232,0,0,2480
2021-01-10,562553,14145,0,0,0,0,2480
2021-01-11,567682,14192,5129,47,0,0,2396
2021-01-12,570150,14296,2468,104,0,0,2443
2021-01-13,573278,14336,3128,40,0,0,2246
2021-01-14,576573,14511,3295,175,0,0,2238
2021-01-15,579574,14550,3001,39,0,0,2222
2021-01-16,581785,14669,2211,119,0,0,2222
2021-01-17,581785,14669,0,0,0,0,2222
2021-01-18,585128,14686,3343,17,0,0,2140
2021-01-19,587448,14735,2320,49,0,0,2055
2021-01-20,589869,14770,2421,35,0,0,2077
2021-01-21,592382,14933,2513,163,0,0,1907
2021-01-22,594920,14951,2538,18,0,0,1843
2021-01-23,596746,15181,1826,230,0,0,1843
2021-01-24,596746,15181,0,0,0,0,1843
2021-01-25,600093,15219,3347,38,0,0,1668
2021-01-26,602168,15305,2075,86,0,0,1638
2021-01-27,604233,15314,2065,9,0,0,1594
2021-01-28,606488,15402,2255,88,0,0,1536
2021-01-29,608627,15410,2139,8,0,0,1479
2021-01-30,610138,15525,1511,115,0,0,1479
2021-01-31,610138,15525,0,0,0,0,1479
2021-02-01,612710,15536,2572,11,0,0,1409
2021-02-02,614143,15609,1433,73,0,0,1404
2021-02-03,615860,15644,1717,35,0,0,1376
2021-02-04,617745,15725,1885,81,0,0,1376
2021-02-05,619499,15750,1754,25,0,0,1296
2021-02-06,620685,15854,1186,104,0,0,1296
2021-02-07,620685,15854,0,0,0,0,1296
2021-02-08,622813,15863,2128,9,0,0,1211
2021-02-09,623731,15925,918,62,0,0,1175
2021-02-10,624970,15939,1239,14,0,0,1175
2021-02-11,626477,16019,1507,80,0,0,1061
2021-02-12,628012,16027,1535,8,0,0,1024
2021-02-13,628956,16119,944,92,0,0,1024
2021-02-14,628956,16119,0,0,0,0,1024
2021-02-15,630408,16130,1452,11,0,0,957
2021-02-16,631532,16149,1124,19,0,0,939
2021-02-17,632772,16160,1240,11,0,0,929
2021-02-18,633973,16251,1201,91,0,0,877
2021-02-19,635446,16274,1473,23,0,0,860
2021-02-20,636269,16342,823,68,0,0,860
2021-02-21,636269,16342,0,0,0,0,860
2021-02-22,637928,16343,1659,1,0,0,841
2021-02-23,639712,16380,1784,37,0,0,891
2021-02-24,641270,16389,1558,9,0,0,855
2021-02-25,642868,16436,1598,47,0,0,821
2021-02-26,644125,16438,1257,2,0,0,841
2021-02-27,645550,16508,1425,70,0,0,841
2021-02-28,645550,16508,0,0,0,0,841
2021-03-01,647415,16519,1865,11,0,0,893
2021-03-02,649057,16544,1642,25,0,0,959
2021-03-03,650762,16550,1705,6,0,0,882
2021-03-04,652589,16589,1827,39,0,0,890
2021-03-05,654380,16601,1791,12,0,0,866
2021-03-06,656072,16658,1692,57,0,0,866
2021-03-07,656072,16658,0,0,0,0,866
