"date","positive","death","positiveIncrease","deathIncrease","hospitalized","hospitalizedIncrease","hospitalizedCurrently"
2020-03-05,0,0,0,0,0,0,0
2020-03-06,3,0,3,0,0,0,0
2020-03-07,3,0,0,0,0,0,0
2020-03-08,3,0,0,0,0,0,0
2020-03-09,5,0,2,0,0,0,0
2020-03-10,6,0,1,0,0,0,0
2020-03-11,9,0,3,0,0,0,0
2020-03-12,12,0,3,0,0,0,0
2020-03-13,17,0,5,0,0,0,0
2020-03-14,26,0,9,0,0,0,0
2020-03-15,31,0,5,0,0,0,0
2020-03-16,37,2,6,2,0,0,0
2020-03-17,57,2,20,0,0,0,0
2020-03-18,85,2,28,0,0,0,0
2020-03-19,107,2,22,0,0,0,0
2020-03-20,149,3,42,1,0,0,0
2020-03-21,190,3,41,0,0,0,0
2020-03-22,244,4,54,1,0,0,0
2020-03-23,288,4,44,0,0,0,0
2020-03-24,349,5,61,1,0,0,0
2020-03-25,423,5,74,0,0,0,0
2020-03-26,580,7,157,2,132,132,0
2020-03-27,774,10,194,3,173,41,0
2020-03-28,992,17,218,7,226,53,0
2020-03-29,1239,24,247,7,277,51,0
2020-03-30,1413,35,174,11,353,76,0
2020-03-31,1660,43,247,8,429,76,0
2020-04-01,1985,52,325,9,522,93,0
2020-04-02,2331,64,346,12,582,60,0
2020-04-03,2758,84,427,20,664,82,0
2020-04-04,3125,101,367,17,821,157,0
2020-04-05,3609,122,484,21,936,115,0
2020-04-06,4045,138,436,16,1059,123,0
2020-04-07,4371,160,326,22,1106,47,0
2020-04-08,5529,191,1158,31,1210,104,0
2020-04-09,6185,221,656,30,1348,138,0
2020-04-10,6968,255,783,34,1413,65,0
2020-04-11,7694,298,726,43,1709,296,0
2020-04-12,8225,335,531,37,1860,151,0
2020-04-13,8936,384,711,49,1975,115,0
2020-04-14,9472,421,536,37,2122,147,0
2020-04-15,10032,469,560,48,2231,109,0
2020-04-16,10784,499,752,30,2451,220,0
2020-04-17,11572,541,788,42,2612,161,0
2020-04-18,12308,582,736,41,2757,145,0
2020-04-19,12830,626,522,44,2886,129,0
2020-04-20,13684,683,854,57,3014,128,0
2020-04-21,14193,732,509,49,3158,144,1433
2020-04-22,14775,779,582,47,3325,167,1432
2020-04-23,15737,831,962,52,3477,152,1405
2020-04-24,16616,899,879,68,3618,141,1425
2020-04-25,17766,948,1150,49,3760,142,1408
2020-04-26,18581,1001,815,53,3962,202,1463
2020-04-27,19487,1045,906,44,4101,139,1513
2020-04-28,20113,1099,626,54,4268,167,1528
2020-04-29,20849,1168,736,69,4402,134,1610
2020-04-30,21742,1226,893,58,4559,157,1711
2020-05-01,23472,1276,1730,50,4718,159,1668
2020-05-02,24473,1323,1001,47,4910,192,1657
2020-05-03,25462,1372,989,49,5051,141,1635
2020-05-04,26408,1424,946,52,5199,148,1649
2020-05-05,27117,1476,709,52,5337,138,1693
2020-05-06,28163,1520,1046,44,5497,160,1707
2020-05-07,29374,1580,1211,60,5663,166,1683
2020-05-08,30485,1643,1111,63,5811,148,1674
2020-05-09,31534,1692,1049,49,5932,121,1665
2020-05-10,32587,1739,1053,47,5955,23,1640
2020-05-11,33373,1788,786,49,6183,228,1544
2020-05-12,34061,1834,688,46,6287,104,1563
2020-05-13,34812,1881,751,47,6404,117,1550
2020-05-14,35903,1935,1091,54,6553,149,1538
2020-05-15,36986,1991,1083,56,6679,126,1496
2020-05-16,37968,2040,982,49,6755,76,1500
2020-05-17,38804,2090,836,50,6993,238,1460
2020-05-18,39762,2122,958,32,7086,93,1447
2020-05-19,41546,2164,1784,42,7199,113,1421
2020-05-20,42323,2198,777,34,7393,194,1410
2020-05-21,43531,2221,1208,23,7485,92,1374
2020-05-22,44424,2274,893,53,7634,149,1329
2020-05-23,45495,2306,1071,32,7825,191,1320
2020-05-24,46313,2341,818,35,7939,114,1290
2020-05-25,47152,2379,839,38,8092,153,1279
2020-05-26,47687,2417,535,38,8179,87,1315
2020-05-27,48423,2458,736,41,8281,102,1338
2020-05-28,49709,2501,1286,43,8392,111,1334
2020-05-29,50988,2538,1279,37,8479,87,1296
2020-05-30,52015,2562,1027,24,8619,140,1239
2020-05-31,52778,2596,763,34,8738,119,1183
2020-06-01,53327,2625,549,29,8886,148,1174
2020-06-02,54175,2646,848,21,8957,71,1148
2020-06-03,54982,2666,807,20,9111,154,1109
2020-06-04,55858,2668,876,2,9217,106,1096
2020-06-05,56770,2702,912,34,9346,129,1076
2020-06-06,57482,2740,712,38,9451,105,1059
2020-06-07,57973,2749,491,9,9546,95,1003
2020-06-08,58404,2776,431,27,9629,83,979
2020-06-09,58904,2811,500,35,9676,47,970
2020-06-10,59465,2844,561,33,9755,79,955
2020-06-11,60197,2875,732,31,9789,34,902
2020-06-12,60613,2900,416,25,9923,134,836
2020-06-13,61305,2926,692,26,10053,130,799
2020-06-14,61701,2939,396,13,10165,112,751
2020-06-15,62032,2947,331,8,10222,57,745
2020-06-16,62409,2982,377,35,10262,40,742
2020-06-17,62969,2996,560,14,10309,47,702
2020-06-18,63229,3016,260,20,10357,48,660
2020-06-19,63548,3030,319,14,10447,90,648
2020-06-20,63956,3052,408,22,10497,50,644
2020-06-21,64306,3066,350,14,10544,47,608
2020-06-22,64603,3074,297,8,10572,28,602
2020-06-23,65007,3092,404,18,10611,39,561
2020-06-24,65337,3108,330,16,10648,37,544
2020-06-25,65777,3129,440,21,10683,35,511
2020-06-26,66115,3142,338,13,10725,42,487
2020-06-27,66450,3157,335,15,10751,26,478
2020-06-28,66777,3168,327,11,10793,42,446
2020-06-29,67254,3175,477,7,10822,29,447
2020-06-30,67559,3190,305,15,10844,22,452
2020-07-01,67918,3205,359,15,10902,58,461
2020-07-02,68423,3212,505,7,10939,37,441
2020-07-03,68961,3223,538,11,10973,34,422
2020-07-04,69341,3236,380,13,11034,61,410
2020-07-05,69632,3243,291,7,11071,37,409
2020-07-06,69904,3246,272,3,11096,25,403
2020-07-07,70396,3266,492,20,11111,15,404
2020-07-08,70861,3275,465,9,11184,73,398
2020-07-09,71447,3288,586,13,11221,37,406
2020-07-10,71910,3303,463,15,11300,79,385
2020-07-11,72467,3310,557,7,11353,53,390
2020-07-12,73109,3319,642,9,11420,67,392
2020-07-13,73527,3325,418,6,11467,47,386
2020-07-14,74260,3334,733,9,11485,18,415
2020-07-15,75016,3341,756,7,11625,140,447
2020-07-16,75664,3347,648,6,11687,62,436
2020-07-17,76371,3359,707,12,11728,41,434
2020-07-18,77206,3368,835,9,11788,60,448
2020-07-19,78131,3377,925,9,11841,53,449
2020-07-20,78685,3382,554,5,11897,56,463
2020-07-21,79545,3402,860,20,11949,52,484
2020-07-22,80172,3405,627,3,11997,48,505
2020-07-23,80836,3409,664,4,12037,40,528
2020-07-24,81766,3422,930,13,12119,82,533
2020-07-25,83054,3433,1288,11,12188,69,545
2020-07-26,83748,3440,694,7,12283,95,540
2020-07-27,84876,3447,1128,7,12339,56,536
2020-07-28,85524,3458,648,11,12389,50,544
2020-07-29,86285,3478,761,20,12448,59,571
2020-07-30,87177,3488,892,10,12500,52,585
2020-07-31,88346,3493,1169,5,12593,93,590
2020-08-01,89365,3506,1019,13,12672,79,592
2020-08-02,90274,3515,909,9,12746,74,553
2020-08-03,91144,3523,870,8,12832,86,548
2020-08-04,91854,3530,710,7,12888,56,547
2020-08-05,92426,3536,572,6,12922,34,555
2020-08-06,93005,3551,579,15,12978,56,535
2020-08-07,93806,3565,801,14,13047,69,528
2020-08-08,94581,3577,775,12,13105,58,515
2020-08-09,95503,3585,922,8,13177,72,525
2020-08-10,96258,3591,755,6,13247,70,534
2020-08-11,96843,3604,585,13,13266,19,529
2020-08-12,97384,3612,541,8,13348,82,488
2020-08-13,98160,3620,776,8,13463,115,470
2020-08-14,98875,3631,715,11,13508,45,457
2020-08-15,99693,3636,818,5,13556,48,460
2020-08-16,100212,3639,519,3,13614,58,475
2020-08-17,100715,3641,503,2,13658,44,435
2020-08-18,101235,3650,520,9,13698,40,453
2020-08-19,101649,3661,414,11,13744,46,475
2020-08-20,102229,3669,580,8,13785,41,455
2020-08-21,102899,3674,670,5,13823,38,455
2020-08-22,103523,3685,624,11,13864,41,441
2020-08-23,104102,3691,579,6,13956,92,407
2020-08-24,104669,3694,567,3,14007,51,407
2020-08-25,105046,3707,377,13,14051,44,411
2020-08-26,105486,3717,440,10,14090,39,432
2020-08-27,106063,3722,577,5,14141,51,412
2020-08-28,106664,3736,601,14,14184,43,412
2020-08-29,107294,3746,630,10,14217,33,387
2020-08-30,107791,3752,497,6,14255,38,358
2020-08-31,108249,3755,458,3,14303,48,377
2020-09-01,108863,3761,614,6,14337,34,385
2020-09-02,109319,3766,456,5,14351,14,370
2020-09-03,110012,3778,693,12,14427,76,382
2020-09-04,110831,3789,819,11,14473,46,395
2020-09-05,111607,3796,776,7,14516,43,353
2020-09-06,112119,3799,512,3,14573,57,341
2020-09-07,112883,3804,764,5,14603,30,362
2020-09-08,113239,3807,356,3,14636,33,365
2020-09-09,113575,3816,336,9,14672,36,370
2020-09-10,114078,3824,503,8,14706,34,358
2020-09-11,114724,3828,646,4,14756,50,369
2020-09-12,115533,3836,809,8,14796,40,361
2020-09-13,116110,3838,577,2,14851,55,351
2020-09-14,116646,3839,536,1,14884,33,347
2020-09-15,117245,3849,599,10,14918,34,371
2020-09-16,117888,3855,643,6,14959,41,347
2020-09-17,118519,3861,631,6,15008,49,353
2020-09-18,119062,3869,543,8,15070,62,347
2020-09-19,119744,3876,682,7,15119,49,324
2020-09-20,120156,3879,412,3,15119,0,281
2020-09-21,120568,3883,412,4,15171,52,290
2020-09-22,120912,3895,344,12,15237,66,309
2020-09-23,121297,3902,385,7,15268,31,332
2020-09-24,121800,3909,503,7,15299,31,349
2020-09-25,122359,3917,559,8,15328,29,344
2020-09-26,122972,3925,613,8,15382,54,347
2020-09-27,123403,3935,431,10,15398,16,328
2020-09-28,123880,3938,477,3,15428,30,315
2020-09-29,124311,3946,431,8,15460,32,344
2020-09-30,124725,3949,414,3,15530,70,334
2020-10-01,125510,3949,785,0,15542,12,331
2020-10-02,126222,3950,712,1,15574,32,323
2020-10-03,126819,3957,597,7,15670,96,323
2020-10-04,127290,3958,471,1,15705,35,320
2020-10-05,127791,3961,501,3,15745,40,338
2020-10-06,128204,3967,413,6,15791,46,360
2020-10-07,128664,3973,460,6,15843,52,391
2020-10-08,129425,3979,761,6,15898,55,403
2020-10-09,130159,3990,734,11,15956,58,391
2020-10-10,130795,3995,636,5,16006,50,383
2020-10-11,131357,3999,562,4,16058,52,393
2020-10-12,131861,4003,504,4,16107,49,384
2020-10-13,132343,4012,482,9,16150,43,402
2020-10-14,132918,4022,575,10,16215,65,417
2020-10-15,133548,4028,630,6,16255,40,412
2020-10-16,134329,4032,781,4,16288,33,416
2020-10-17,135127,4036,798,4,16352,64,422
2020-10-18,135657,4037,530,1,16435,83,433
2020-10-19,136154,4041,497,4,16475,40,434
2020-10-20,136744,4050,590,9,16516,41,464
2020-10-21,137236,4058,492,8,16549,33,463
2020-10-22,137979,4070,743,12,16603,54,458
2020-10-23,138691,4078,712,8,16650,47,458
2020-10-24,139487,4091,796,13,16705,55,455
2020-10-25,140279,4096,792,5,16757,52,446
2020-10-26,140844,4099,565,3,16819,62,456
2020-10-27,141741,4108,897,9,16859,40,471
2020-10-28,142425,4115,684,7,16910,51,501
2020-10-29,143387,4127,962,12,16971,61,502
2020-10-30,144314,4137,927,10,17023,52,513
2020-10-31,145281,4147,967,10,17093,70,520
2020-11-01,146145,4152,864,5,17178,85,523
2020-11-02,146995,4155,850,3,17252,74,529
2020-11-03,147766,4162,771,7,17312,60,562
2020-11-04,148766,4172,1000,10,17363,51,595
2020-11-05,149964,4182,1198,10,17435,72,588
2020-11-06,151505,4194,1541,12,17537,102,609
2020-11-07,152915,4201,1410,7,17627,90,632
2020-11-08,153996,4212,1081,11,17730,103,655
2020-11-09,155371,4221,1375,9,17833,103,707
2020-11-10,156709,4233,1338,12,17914,81,761
2020-11-11,158423,4249,1714,16,18012,98,805
2020-11-12,159900,4261,1477,12,18139,127,863
2020-11-13,161769,4273,1869,12,18281,142,914
2020-11-14,164090,4293,2321,20,18458,177,921
2020-11-15,165930,4302,1840,9,18576,118,938
2020-11-16,167656,4309,1726,7,18688,112,985
2020-11-17,169805,4335,2149,26,18812,124,1046
2020-11-18,171823,4351,2018,16,18959,147,1144
2020-11-19,174733,4372,2910,21,19134,175,1192
2020-11-20,177086,4398,2353,26,19282,148,1207
2020-11-21,179971,4415,2885,17,19434,152,1229
2020-11-22,182139,4434,2168,19,19636,202,1237
2020-11-23,183797,4448,1658,14,19769,133,1276
2020-11-24,185464,4481,1667,33,19914,145,1341
2020-11-25,188161,4518,2697,37,20068,154,1406
2020-11-26,190480,4547,2319,29,20280,212,1453
2020-11-27,192858,4569,2378,22,20512,232,1435
2020-11-28,194448,4602,1590,33,20713,201,1446
2020-11-29,196447,4625,1999,23,20877,164,1461
2020-11-30,198370,4641,1923,16,21051,174,1527
2020-12-01,201135,4673,2765,32,21206,155,1583
2020-12-02,203355,4715,2220,42,21395,189,1578
2020-12-03,205399,4764,2044,49,21558,163,1573
2020-12-04,209191,4790,3792,26,21756,198,1594
2020-12-05,212384,4820,3193,30,21912,156,1598
2020-12-06,215027,4846,2643,26,22095,183,1576
2020-12-07,217329,4865,2302,19,22259,164,1561
2020-12-08,219961,4916,2632,51,22421,162,1653
2020-12-09,222653,4962,2692,46,22622,201,1715
2020-12-10,225855,5012,3202,50,22833,211,1720
2020-12-11,228471,5064,2616,52,23009,176,1729
2020-12-12,232009,5100,3538,36,23189,180,1719
2020-12-13,234647,5117,2638,17,23393,204,1679
2020-12-14,236961,5142,2314,25,23558,165,1742
2020-12-15,239362,5206,2401,64,23711,153,1799
2020-12-16,241767,5270,2405,64,23908,197,1762
2020-12-17,243984,5319,2217,49,24136,228,1702
2020-12-18,246553,5358,2569,39,24310,174,1686
2020-12-19,248754,5412,2201,54,24422,112,1635
2020-12-20,250808,5448,2054,36,24623,201,1662
2020-12-21,253073,5471,2265,23,24758,135,1676
2020-12-22,255397,5519,2324,48,24955,197,1717
2020-12-23,257862,5568,2465,49,25072,117,1776
2020-12-24,260728,5627,2866,59,25072,0,1760
2020-12-25,263160,5659,2432,32,25541,469,1721
2020-12-26,265440,5680,2280,21,25717,176,1685
2020-12-27,267198,5712,1758,32,25851,134,1692
2020-12-28,269183,5740,1985,28,26078,227,1738
2020-12-29,271061,5803,1878,63,26247,169,1725
2020-12-30,273689,5848,2628,45,26447,200,1756
2020-12-31,276662,5895,2973,47,26636,189,1773
2021-01-01,280219,5942,3557,47,26819,183,1734
2021-01-02,283171,5967,2952,25,27051,232,1692
2021-01-03,285319,5994,2148,27,27196,145,1709
2021-01-04,287802,6027,2483,33,27367,171,1751
2021-01-05,289758,6082,1956,55,27542,175,1771
2021-01-06,292904,6132,3146,50,27711,169,1862
2021-01-07,295874,6173,2970,41,27900,189,1834
2021-01-08,299606,6216,3732,43,28068,168,1885
2021-01-09,303364,6246,3758,30,28296,228,1877
2021-01-10,306674,6272,3310,26,28523,227,1950
2021-01-11,309686,6301,3012,29,28731,208,1957
2021-01-12,312351,6367,2665,66,28860,129,1952
2021-01-13,314867,6404,2516,37,28986,126,1929
2021-01-14,317815,6449,2948,45,29123,137,1843
2021-01-15,320739,6494,2924,45,29285,162,1848
2021-01-16,324031,6541,3292,47,29412,127,1821
2021-01-17,326445,6567,2414,26,29631,219,1823
2021-01-18,328214,6596,1769,29,29842,211,1850
2021-01-19,330186,6650,1972,54,30157,315,1875
2021-01-20,332353,6689,2167,39,30327,170,1858
2021-01-21,334519,6735,2166,46,30498,171,1812
2021-01-22,336915,6792,2396,57,30697,199,1768
2021-01-23,339307,6837,2392,45,30866,169,1717
2021-01-24,341452,6865,2145,28,31034,168,1668
2021-01-25,343138,6900,1686,35,31188,154,1669
2021-01-26,344620,6963,1482,63,31330,142,1642
2021-01-27,346559,6996,1939,33,31468,138,1647
2021-01-28,348749,7037,2190,41,31614,146,1636
2021-01-29,350629,7076,1880,39,31759,145,1616
2021-01-30,352726,7107,2097,31,31888,129,1560
2021-01-31,354473,7127,1747,20,32055,167,1471
2021-02-01,355636,7154,1163,27,32181,126,1437
2021-02-02,356541,7188,905,34,32291,110,1467
2021-02-03,357483,7220,942,32,32406,115,1485
2021-02-04,359037,7251,1554,31,32531,125,1426
2021-02-05,360584,7287,1547,36,32687,156,1444
2021-02-06,362084,7329,1500,42,32863,176,1419
2021-02-07,363650,7349,1566,20,33065,202,1402
2021-02-08,364553,7372,903,23,33187,122,1413
2021-02-09,365529,7413,976,41,33288,101,1377
2021-02-10,366666,7446,1137,33,33398,110,1282
2021-02-11,367865,7467,1199,21,33508,110,1272
2021-02-12,368977,7503,1112,36,33629,121,1225
2021-02-13,370136,7536,1159,33,33728,99,1192
2021-02-14,370983,7554,847,18,33808,80,1166
2021-02-15,371705,7580,722,26,33903,95,1113
2021-02-16,372221,7612,516,32,33980,77,1110
2021-02-17,372980,7630,759,18,34078,98,1096
2021-02-18,373966,7661,986,31,34168,90,1048
2021-02-19,374974,7677,1008,16,34265,97,1016
2021-02-20,375737,7697,763,20,34355,90,1049
2021-02-21,376355,7715,618,18,34439,84,973
2021-02-22,376966,7732,611,17,34493,54,992
2021-02-23,377628,7762,662,30,34577,84,978
2021-02-24,378490,7789,862,27,34672,95,960
2021-02-25,379466,7805,976,16,34759,87,952
2021-02-26,380436,7838,970,33,34848,89,943
2021-02-27,381272,7856,836,18,34927,79,892
2021-02-28,382099,7869,827,13,35000,73,868
2021-03-01,382702,7879,603,10,35069,69,904
2021-03-02,383170,7905,468,26,35152,83,896
2021-03-03,383956,7919,786,14,35223,71,863
2021-03-04,384765,7922,809,3,35304,81,856
2021-03-05,385678,7930,913,8,35378,74,849
2021-03-06,386610,7941,932,11,35572,194,830
2021-03-07,387319,7955,709,14,35651,79,818
