"date","positive","death","positiveIncrease","deathIncrease","hospitalized","hospitalizedIncrease"
2020-04-13,4515,123,246,5,988,0
2020-04-14,4746,149,231,26,1041,53
2020-04-15,4791,153,45,4,1024,-17
2020-04-16,5174,169,383,16,1043,19
2020-04-17,5371,184,197,15,1043,0
2020-04-18,5579,197,208,13,875,-168
2020-04-19,5743,199,164,2,875,0
2020-04-20,5890,200,147,1,873,-2
2020-04-21,6066,224,176,24,1001,128
2020-04-22,6277,238,211,14,1001,0
2020-04-23,6506,252,229,14,884,-117
2020-04-24,6788,272,282,20,877,-7
2020-04-25,6935,281,147,9,850,-27
2020-04-26,7120,283,185,2,679,-171
2020-04-27,7305,343,185,60,679,0
2020-04-28,7450,330,145,-13,NA,NA
2020-04-29,7660,338,210,8,NA,NA
2020-04-30,7818,350,158,12,NA,NA
2020-05-01,8067,360,249,10,NA,NA
2020-05-02,8356,376,289,16,NA,NA
2020-05-03,8618,381,262,5,NA,NA
2020-05-04,8946,386,328,5,NA,NA
2020-05-05,9121,409,175,23,NA,NA
2020-05-06,9323,428,202,19,NA,NA
2020-05-07,9581,449,258,21,NA,NA
2020-05-08,9733,483,152,34,NA,NA
2020-05-09,9911,494,178,11,NA,NA
2020-05-10,10068,503,157,9,NA,NA
2020-05-11,10157,514,89,11,NA,NA
2020-05-12,10269,529,112,15,NA,NA
2020-05-13,10404,551,135,22,NA,NA
2020-05-14,10594,566,190,15,NA,NA
2020-05-15,10766,581,172,15,NA,NA
2020-05-16,10959,594,193,13,NA,NA
2020-05-17,11108,600,149,6,NA,NA
2020-05-18,11242,611,134,11,NA,NA
2020-05-19,11393,631,151,20,NA,NA
2020-05-20,11528,640,135,9,NA,NA
2020-05-21,11689,668,161,28,NA,NA
2020-05-22,11836,677,147,9,NA,NA
2020-05-23,11966,682,130,5,NA,NA
2020-05-24,12149,686,183,4,NA,NA
2020-05-25,12476,689,327,3,NA,NA
2020-05-26,12579,693,103,4,NA,NA
2020-05-27,12816,689,237,-4,NA,NA
2020-05-28,12981,708,165,19,NA,NA
2020-05-29,13084,730,103,22,NA,NA
2020-05-30,13298,774,214,44,NA,NA
2020-05-31,13438,776,140,2,NA,NA
2020-06-01,13724,776,286,0,NA,NA
2020-06-02,14015,786,291,10,NA,NA
2020-06-03,14189,791,174,5,NA,NA
2020-06-04,14438,795,249,4,NA,NA
2020-06-05,14572,805,134,10,NA,NA
2020-06-06,14951,815,379,10,NA,NA
2020-06-07,15023,815,72,0,NA,NA
2020-06-08,15158,823,135,8,NA,NA
2020-06-09,15352,845,194,22,NA,NA
2020-06-10,15512,851,160,6,NA,NA
2020-06-11,15699,862,187,11,NA,NA
2020-06-12,15997,881,298,19,NA,NA
2020-06-13,16232,885,235,4,NA,NA
2020-06-14,16262,885,30,0,NA,NA
2020-06-15,16611,887,349,2,NA,NA
2020-06-16,16857,891,246,4,NA,NA
2020-06-17,17069,909,212,18,NA,NA
2020-06-18,17371,945,302,36,NA,NA
2020-06-19,17667,958,296,13,NA,NA
2020-06-20,18056,965,389,7,NA,NA
2020-06-21,18459,965,403,0,NA,NA
2020-06-22,18592,970,133,5,NA,NA
2020-06-23,19005,976,413,6,NA,NA
2020-06-24,19123,985,118,9,NA,NA
2020-06-25,19637,987,514,2,NA,NA
2020-06-26,20216,997,579,10,NA,NA
2020-06-27,20572,1004,356,7,NA,NA
2020-06-28,20689,1004,117,0,NA,NA
2020-06-29,20825,1004,136,0,NA,NA
2020-06-30,21001,1005,176,1,NA,NA
2020-07-01,21035,1018,34,13,NA,NA
2020-07-02,22636,1044,1601,26,NA,NA
2020-07-03,23160,1047,524,3,NA,NA
2020-07-04,23583,1050,423,3,NA,NA
2020-07-05,23816,1051,233,1,NA,NA
2020-07-06,24211,1051,395,0,NA,NA
2020-07-07,24918,1067,707,16,NA,NA
2020-07-08,25590,1069,672,2,NA,NA
2020-07-09,26410,1073,820,4,NA,NA
2020-07-10,27069,1084,659,11,NA,NA
2020-07-11,27606,1091,537,7,NA,NA
2020-07-12,27880,1092,274,1,NA,NA
2020-07-13,28289,1105,409,13,NA,NA
2020-07-14,29240,1114,951,9,NA,NA
2020-07-15,30057,1119,817,5,NA,NA
2020-07-16,30873,1121,816,2,NA,NA
2020-07-17,31738,1125,865,4,NA,NA
2020-07-18,32704,1136,966,11,NA,NA
2020-07-19,33521,1136,817,0,NA,NA
2020-07-20,34102,1138,581,2,NA,NA
2020-07-21,35194,1148,1092,10,NA,NA
2020-07-22,36497,1159,1303,11,NA,NA
2020-07-23,38060,1189,1563,30,NA,NA
2020-07-24,39635,1195,1575,6,NA,NA
2020-07-25,41034,1200,1399,5,NA,NA
2020-07-26,42160,1209,1126,9,NA,NA
2020-07-27,43489,1221,1329,12,NA,NA
2020-07-28,45181,1232,1692,11,NA,NA
2020-07-29,46942,1239,1761,7,NA,NA
2020-07-30,49139,1255,2197,16,NA,NA
2020-07-31,50616,1265,1477,10,NA,NA
2020-08-01,51632,1276,1016,11,NA,NA
2020-08-02,52184,1276,552,0,NA,NA
2020-08-03,53214,1279,1030,3,NA,NA
2020-08-04,54422,1290,1208,11,NA,NA
2020-08-05,55614,1297,1192,7,NA,NA
2020-08-06,56773,1302,1159,5,NA,NA
2020-08-07,57837,1324,1064,22,NA,NA
2020-08-08,58021,1327,184,3,NA,NA
2020-08-09,59383,1334,1362,7,NA,NA
2020-08-10,60359,1341,976,7,NA,NA
2020-08-11,61440,1346,1081,5,NA,NA
2020-08-12,62956,1354,1516,8,NA,NA
2020-08-13,64429,1356,1473,2,NA,NA
2020-08-14,65793,1365,1364,9,NA,NA
2020-08-15,67004,1378,1211,13,NA,NA
2020-08-16,68196,1383,1192,5,NA,NA
2020-08-17,69225,1415,1029,32,NA,NA
2020-08-18,70055,1425,830,10,NA,NA
2020-08-19,71285,1434,1230,9,NA,NA
2020-08-20,72353,1442,1068,8,NA,NA
2020-08-21,73623,1445,1270,3,NA,NA
2020-08-22,74952,1451,1329,6,NA,NA
2020-08-23,75783,1453,831,2,NA,NA
2020-08-24,76597,1453,814,0,NA,NA
2020-08-25,77390,1470,793,17,NA,NA
2020-08-26,78743,1481,1353,11,NA,NA
2020-08-27,80214,1488,1471,7,NA,NA
2020-08-28,81672,1500,1458,12,NA,NA
2020-08-29,83168,1528,1496,28,NA,NA
2020-08-30,84474,1533,1306,5,NA,NA
2020-08-31,85635,1547,1161,14,NA,NA
2020-09-01,86738,1562,1103,15,NA,NA
2020-09-02,88216,1578,1478,16,NA,NA
2020-09-03,89639,1586,1423,8,NA,NA
2020-09-04,91228,1607,1589,21,NA,NA
2020-09-05,93171,1668,1943,61,NA,NA
2020-09-06,94492,1685,1321,17,NA,NA
2020-09-07,95406,1687,914,2,NA,NA
2020-09-08,96181,1690,775,3,NA,NA
2020-09-09,97504,1702,1323,12,NA,NA
2020-09-10,98738,1713,1234,11,NA,NA
2020-09-11,100268,1720,1530,7,NA,NA
2020-09-12,102290,1728,2022,8,NA,NA
2020-09-13,103997,1731,1707,3,NA,NA
2020-09-14,105278,1738,1281,7,NA,NA
2020-09-15,106637,1756,1359,18,NA,NA
2020-09-16,107853,1765,1216,9,NA,NA
2020-09-17,109557,1782,1704,17,NA,NA
2020-09-18,111390,1810,1833,28,NA,NA
2020-09-19,112864,1825,1474,15,NA,NA
2020-09-20,114170,1826,1306,1,NA,NA
2020-09-21,115537,1838,1367,12,NA,NA
2020-09-22,116612,1867,1075,29,NA,NA
2020-09-23,118205,1938,1593,71,NA,NA
2020-09-24,119561,1951,1356,13,NA,NA
2020-09-25,121456,1991,1895,40,NA,NA
2020-09-26,123506,2054,2050,63,NA,NA
2020-09-27,125026,2053,1520,-1,NA,NA
2020-09-28,126265,2057,1239,4,NA,NA
2020-09-29,126531,2066,266,9,NA,NA
2020-09-30,126715,2069,184,3,NA,NA
2020-10-01,126906,2074,191,5,NA,NA
2020-10-02,130981,2146,4075,72,NA,NA
2020-10-03,132630,2177,1649,31,NA,NA
2020-10-04,134079,2186,1449,9,NA,NA
2020-10-05,135374,2188,1295,2,NA,NA
2020-10-06,136327,2209,953,21,NA,NA
2020-10-07,137420,2238,1093,29,NA,NA
2020-10-08,138987,2268,1567,30,NA,NA
2020-10-09,141003,2397,2016,129,NA,NA
2020-10-10,145682,2424,4679,27,NA,NA
2020-10-11,145938,2424,256,0,NA,NA
2020-10-12,146154,2424,216,0,NA,NA
2020-10-13,146359,2424,205,0,NA,NA
2020-10-14,150794,2544,4435,120,NA,NA
2020-10-15,152662,2460,1868,-84,NA,NA
2020-10-16,154923,2477,2261,17,NA,NA
2020-10-17,157108,2581,2185,104,NA,NA
2020-10-18,158955,2592,1847,11,NA,NA
2020-10-19,160437,2600,1482,8,NA,NA
2020-10-20,161849,2625,1412,25,NA,NA
2020-10-21,163275,2650,1426,25,NA,NA
2020-10-22,165210,2665,1935,15,NA,NA
2020-10-23,167193,2697,1983,32,NA,NA
2020-10-24,169829,2808,2636,111,NA,NA
2020-10-25,171796,2820,1967,12,NA,NA
2020-10-26,173514,2816,1718,-4,NA,NA
2020-10-27,175130,2855,1616,39,NA,NA
2020-10-28,177319,2884,2189,29,NA,NA
2020-10-29,177707,2891,388,7,NA,NA
2020-10-30,183129,2940,5422,49,NA,NA
2020-10-31,185992,3037,2863,97,NA,NA
2020-11-01,188325,3038,2333,1,NA,NA
2020-11-02,191223,3043,2898,5,NA,NA
2020-11-03,193441,3075,2218,32,NA,NA
2020-11-04,196253,3099,2812,24,NA,NA
2020-11-05,200042,3117,3789,18,NA,NA
2020-11-06,204404,3141,4362,24,NA,NA
2020-11-07,208941,3162,4537,21,NA,NA
2020-11-08,212869,3165,3928,3,NA,NA
2020-11-09,216144,3165,3275,0,NA,NA
2020-11-10,220720,3307,4576,142,NA,NA
2020-11-11,224664,3329,3944,22,NA,NA
2020-11-12,229712,3351,5048,22,NA,NA
2020-11-13,234116,3372,4404,21,NA,NA
2020-11-14,243762,3387,9646,15,NA,NA
2020-11-15,244541,3387,779,0,NA,NA
2020-11-16,248715,3402,4174,15,NA,NA
2020-11-17,254151,3466,5436,64,NA,NA
2020-11-18,258778,3488,4627,22,NA,NA
2020-11-19,263143,3520,4365,32,NA,NA
2020-11-20,267914,3558,4771,38,NA,NA
2020-11-21,272821,3574,4907,16,NA,NA
2020-11-22,277112,3578,4291,4,NA,NA
2020-11-23,280645,3580,3533,2,NA,NA
2020-11-24,284612,3769,3967,189,NA,NA
2020-11-25,289002,3802,4390,33,NA,NA
2020-11-26,293496,3835,4494,33,NA,NA
2020-11-27,296665,3836,3169,1,NA,NA
2020-11-28,299095,3844,2430,8,NA,NA
2020-11-29,302409,3850,3314,6,NA,NA
2020-11-30,306206,3861,3797,11,NA,NA
2020-12-01,309169,4026,2963,165,NA,NA
2020-12-02,312046,4077,2877,51,NA,NA
2020-12-03,316235,4141,4189,64,NA,NA
2020-12-04,320472,4216,4237,75,NA,NA
2020-12-05,325588,4276,5116,60,NA,NA
2020-12-06,329420,4284,3832,8,NA,NA
2020-12-07,332227,4289,2807,5,NA,NA
2020-12-08,335556,4430,3329,141,NA,NA
2020-12-09,338336,4470,2780,40,NA,NA
2020-12-10,342418,4544,4082,74,NA,NA
2020-12-11,343412,4551,994,7,NA,NA
2020-12-12,350388,4602,6976,51,NA,NA
2020-12-13,353178,4609,2790,7,NA,NA
