"date","positive","death","positiveIncrease","deathIncrease","hospitalized","hospitalizedIncrease"
2020-04-13,5610,109,102,3,579,12
2020-04-14,5827,124,217,15,633,54
2020-04-15,5827,124,0,0,663,30
2020-04-16,6375,136,548,12,691,28
2020-04-17,6263,141,-112,5,711,20
2020-04-18,6589,142,326,1,719,8
2020-04-19,7070,148,481,6,724,5
2020-04-20,7238,152,168,4,730,6
2020-04-21,7394,157,156,5,760,30
2020-04-22,7394,157,0,0,775,15
2020-04-23,8266,171,872,14,793,18
2020-04-24,8728,169,462,-2,808,15
2020-04-25,9189,177,461,8,821,13
2020-04-26,9667,181,478,4,828,7
2020-04-27,9918,184,251,3,837,9
2020-04-28,10052,188,134,4,894,57
2020-04-29,10366,195,314,7,1013,119
2020-04-30,10735,199,369,4,1013,0
2020-05-01,11891,204,1156,5,1113,100
2020-05-02,12661,209,770,5,1125,12
2020-05-03,13177,210,516,1,1135,10
2020-05-04,13571,219,394,9,1143,8
2020-05-05,13690,226,119,7,1156,13
2020-05-06,13938,239,248,13,1221,65
2020-05-07,14096,238,158,-1,1266,45
2020-05-08,14441,242,345,4,1299,33
2020-05-09,14768,242,327,0,1319,20
2020-05-10,14985,243,217,1,1325,6
2020-05-11,15544,251,559,8,1344,19
2020-05-12,16111,266,567,15,1363,19
2020-05-13,16370,273,259,7,1388,25
2020-05-14,16699,287,329,14,1435,47
2020-05-15,16960,290,261,3,1454,19
2020-05-16,17263,295,303,5,1474,20
2020-05-17,17359,298,96,3,1482,8
2020-05-18,18011,301,652,3,1489,7
2020-05-19,18412,305,401,4,1498,9
2020-05-20,18412,305,0,0,1515,17
2020-05-21,18961,313,549,8,1539,24
2020-05-22,19394,315,433,2,1560,21
2020-05-23,19785,329,391,14,1573,13
2020-05-24,20111,336,326,7,1583,10
2020-05-25,20535,338,424,2,1594,11
2020-05-26,20895,343,360,5,1609,15
2020-05-27,21285,353,390,10,1647,38
2020-05-28,21679,356,394,3,1689,42
2020-05-29,22063,361,384,5,1710,21
2020-05-30,22566,364,503,3,1732,22
2020-05-31,22566,364,0,0,1750,18
2020-06-01,22566,364,0,0,1767,17
2020-06-02,24342,381,1776,17,1792,25
2020-06-03,24833,388,491,7,1829,37
2020-06-04,25190,401,357,13,1855,26
2020-06-05,25664,408,474,7,1893,38
2020-06-06,26177,417,513,9,1923,30
2020-06-07,26493,418,316,1,1932,9
2020-06-08,27005,421,512,3,1948,16
2020-06-09,27575,435,570,14,1974,26
2020-06-10,27930,437,355,2,1990,16
2020-06-11,28340,441,410,4,2011,21
2020-06-12,29118,466,778,25,2049,38
2020-06-13,29549,472,431,6,2073,24
2020-06-14,30343,474,794,2,2087,14
2020-06-15,31004,482,661,8,2106,19
2020-06-16,31751,493,747,11,2146,40
2020-06-17,32114,498,363,5,2180,34
2020-06-18,32770,508,656,10,2209,29
2020-06-19,34017,515,1247,7,2238,29
2020-06-20,34446,524,429,9,2266,28
2020-06-21,35102,526,656,2,2291,25
2020-06-22,35553,531,451,5,2301,10
2020-06-23,36303,542,750,11,2336,35
2020-06-24,37235,556,932,14,2386,50
2020-06-25,38034,567,799,11,2431,45
2020-06-26,39444,577,1410,10,2498,67
2020-06-27,40172,584,728,7,2564,66
2020-06-28,40172,584,0,0,2564,0
2020-06-29,42297,592,2125,8,2599,35
2020-06-30,43509,604,1212,12,2665,66
2020-07-01,45315,609,1806,5,2715,50
2020-07-02,46890,620,1575,11,2775,60
2020-07-03,48712,633,1822,13,2825,50
2020-07-04,50140,637,1428,4,2860,35
2020-07-05,51316,645,1176,8,2871,11
2020-07-06,52039,652,723,7,2897,26
2020-07-07,53514,665,1475,13,2950,53
2020-07-08,55986,685,2472,20,3023,73
2020-07-09,57591,710,1605,25,3088,65
2020-07-10,59546,723,1955,13,3146,58
2020-07-11,61006,738,1460,15,3193,47
2020-07-12,61960,741,954,3,3250,57
2020-07-13,65274,749,3314,8,3284,34
2020-07-14,66788,767,1514,18,3378,94
2020-07-15,69061,783,2273,16,3434,56
2020-07-16,71540,796,2479,13,3497,63
2020-07-17,73819,815,2279,19,3562,65
2020-07-18,76336,838,2517,23,3649,87
2020-07-19,78115,843,1779,5,3681,32
2020-07-20,79754,847,1639,4,3712,31
2020-07-21,81944,871,2190,24,3798,86
2020-07-22,84417,888,2473,17,3907,109
2020-07-23,86987,925,2570,37,4016,109
2020-07-24,89078,938,2091,13,4120,104
2020-07-25,90796,964,1718,26,4196,76
2020-07-26,93936,967,3140,3,4244,48
2020-07-27,96489,978,2553,11,4280,36
2020-07-28,99044,999,2555,21,4280,0
2020-07-29,100822,1020,1778,21,4482,202
2020-07-30,102871,1033,2049,13,4572,90
2020-07-31,105959,1060,3088,27,4661,89
2020-08-01,108184,1067,2225,7,4724,63
2020-08-02,109627,1073,1443,6,4756,32
2020-08-03,110636,1092,1009,19,4808,52
2020-08-04,112441,1117,1805,25,4900,92
2020-08-05,114098,1144,1657,27,5001,101
2020-08-06,116350,1186,2252,42,5109,108
2020-08-07,118782,1206,2432,20,5190,81
2020-08-08,120585,1215,1803,9,5262,72
2020-08-09,122712,1223,2127,8,5304,42
2020-08-10,123914,1233,1202,10,5339,35
2020-08-11,124915,1271,1001,38,5464,125
2020-08-12,126393,1289,1478,18,5554,90
2020-08-13,128511,1313,2118,24,5648,94
2020-08-14,130458,1326,1947,13,5725,77
2020-08-15,131747,1345,1289,19,5813,88
2020-08-16,133708,1366,1961,21,5847,34
2020-08-17,134744,1387,1036,21,5881,34
2020-08-18,135770,1424,1026,37,5981,100
2020-08-19,137800,1452,2030,28,6069,88
2020-08-20,139175,1488,1375,36,6156,87
2020-08-21,140844,1549,1669,61,6255,99
2020-08-22,142083,1563,1239,14,6328,73
2020-08-23,143937,1567,1854,4,6378,50
2020-08-24,144604,1588,667,21,6421,43
2020-08-25,145417,1628,813,40,6515,94
2020-08-26,147353,1648,1936,20,6603,88
2020-08-27,149179,1673,1826,25,6677,74
2020-08-28,150815,1701,1636,28,NA,NA
2020-08-29,152280,1725,1465,24,NA,NA
2020-08-30,153115,1747,835,22,NA,NA
2020-08-31,154933,1754,1818,7,NA,NA
2020-09-01,156329,1781,1396,27,NA,NA
2020-09-02,157831,1797,1502,16,NA,NA
2020-09-03,159546,1815,1715,18,NA,NA
2020-09-04,160597,1837,1051,22,NA,NA
2020-09-05,162362,1862,1765,25,NA,NA
2020-09-06,164126,1865,1764,3,NA,NA
2020-09-07,165109,1869,983,4,NA,NA
2020-09-08,165754,1896,645,27,NA,NA
2020-09-09,166606,1931,852,35,NA,NA
2020-09-10,168237,1988,1631,57,NA,NA
2020-09-11,169859,2025,1622,37,NA,NA
2020-09-12,170891,2064,1032,39,NA,NA
2020-09-13,171824,2078,933,14,NA,NA
2020-09-14,174274,2097,2450,19,NA,NA
2020-09-15,175231,2127,957,30,NA,NA
2020-09-16,177087,2151,1856,24,NA,NA
2020-09-17,178140,2164,1053,13,NA,NA
2020-09-18,180497,2196,2357,32,NA,NA
2020-09-19,181439,2216,942,20,NA,NA
2020-09-20,183514,2218,2075,2,NA,NA
2020-09-21,184409,2233,895,15,NA,NA
2020-09-22,185148,2261,739,28,NA,NA
2020-09-23,186798,2277,1650,16,NA,NA
2020-09-24,187690,2312,892,35,NA,NA
2020-09-25,189454,2352,1764,40,NA,NA
2020-09-26,190891,2374,1437,22,NA,NA
2020-09-27,192995,2377,2104,3,NA,NA
2020-09-28,193732,2389,737,12,NA,NA
2020-09-29,194611,2420,879,31,NA,NA
2020-09-30,196139,2454,1528,34,NA,NA
2020-10-01,197432,2501,1293,47,NA,NA
2020-10-02,198403,2515,971,14,NA,NA
2020-10-03,199595,2560,1192,45,NA,NA
2020-10-04,201210,2577,1615,17,NA,NA
2020-10-05,203699,2597,2489,20,NA,NA
2020-10-06,205375,2621,1676,24,NA,NA
2020-10-07,207455,2642,2080,21,NA,NA
2020-10-08,209447,2705,1992,63,NA,NA
2020-10-09,211003,2732,1556,27,NA,NA
2020-10-10,212649,2758,1646,26,NA,NA
2020-10-11,214717,2767,2068,9,NA,NA
2020-10-12,217682,2774,2965,7,NA,NA
2020-10-13,218829,2797,1147,23,NA,NA
2020-10-14,220538,2828,1709,31,NA,NA
2020-10-15,222827,2864,2289,36,NA,NA
2020-10-16,223493,2871,666,7,NA,NA
2020-10-17,226139,2903,2646,32,NA,NA
2020-10-18,228744,2909,2605,6,NA,NA
2020-10-19,232061,2922,3317,13,NA,NA
2020-10-20,233569,2952,1508,30,NA,NA
2020-10-21,235861,2970,2292,18,NA,NA
2020-10-22,237907,3011,2046,41,NA,NA
2020-10-23,241513,3076,3606,65,NA,NA
2020-10-24,244087,3100,2574,24,NA,NA
2020-10-25,247587,3131,3500,31,NA,NA
2020-10-26,249866,3163,2279,32,NA,NA
2020-10-27,251774,3207,1908,44,NA,NA
2020-10-28,254220,3241,2446,34,NA,NA
2020-10-29,256880,3263,2660,22,NA,NA
2020-10-30,259488,3341,2608,78,NA,NA
2020-10-31,260672,3353,1184,12,NA,NA
2020-11-01,261426,3353,754,0,NA,NA
2020-11-02,264587,3379,3161,26,NA,NA
2020-11-03,266357,3454,1770,75,NA,NA
2020-11-04,269802,3478,3445,24,NA,NA
2020-11-05,271771,3509,1969,31,NA,NA
2020-11-06,273144,3541,1373,32,NA,NA
2020-11-07,278215,3590,5071,49,NA,NA
2020-11-08,281851,3595,3636,5,NA,NA
2020-11-09,287770,3610,5919,15,NA,NA
2020-11-10,289749,3672,1979,62,NA,NA
2020-11-11,293381,3761,3632,89,NA,NA
2020-11-12,296725,3788,3344,27,NA,NA
2020-11-13,300458,3852,3733,64,NA,NA
2020-11-14,305120,3877,4662,25,NA,NA
2020-11-15,310937,3893,5817,16,NA,NA
2020-11-16,318888,3923,7951,30,NA,NA
2020-11-17,320729,3995,1841,72,NA,NA
2020-11-18,325201,4048,4472,53,NA,NA
2020-11-19,328088,4128,2887,80,NA,NA
2020-11-20,331532,4202,3444,74,NA,NA
2020-11-21,335887,4211,4355,9,NA,NA
2020-11-22,340476,4266,4589,55,NA,NA
2020-11-23,344550,4301,4074,35,NA,NA
2020-11-24,345916,4372,1366,71,NA,NA
2020-11-25,347972,4466,2056,94,NA,NA
2020-11-26,352376,4519,4404,53,NA,NA
2020-11-27,356716,4526,4340,7,NA,NA
2020-11-28,363466,4541,6750,15,NA,NA
2020-11-29,366518,4554,3052,13,NA,NA
2020-11-30,374493,4602,7975,48,NA,NA
2020-12-01,380186,4638,5693,36,NA,NA
2020-12-02,384285,4688,4099,50,NA,NA
2020-12-03,388252,4781,3967,93,NA,NA
2020-12-04,392608,4876,4356,95,NA,NA
2020-12-05,397522,4905,4914,29,NA,NA
2020-12-06,400594,4943,3072,38,NA,NA
2020-12-07,408730,5009,8136,66,NA,NA
2020-12-08,414749,5109,6019,100,NA,NA
2020-12-09,422962,5171,8213,62,NA,NA
2020-12-10,428973,5240,6011,69,NA,NA
2020-12-11,436262,5327,7289,87,NA,NA
2020-12-12,442953,5400,6691,73,NA,NA
2020-12-13,454305,5462,11352,62,NA,NA
