"date","positive","death","positiveIncrease","deathIncrease","hospitalized","hospitalizedIncrease","hospitalizedCurrently"
2020-01-13,0,0,0,0,0,0,0
2020-01-14,0,0,0,0,0,0,0
2020-01-15,0,0,0,0,0,0,0
2020-01-16,0,0,0,0,0,0,0
2020-01-17,0,0,0,0,0,0,0
2020-01-18,0,0,0,0,0,0,0
2020-01-19,1,0,1,0,0,0,0
2020-01-20,1,0,0,0,0,0,0
2020-01-21,2,0,1,0,0,0,0
2020-01-22,2,0,0,0,0,0,0
2020-01-23,2,0,0,0,0,0,0
2020-01-24,2,0,0,0,0,0,0
2020-01-25,2,0,0,0,0,0,0
2020-01-26,2,0,0,0,0,0,0
2020-01-27,2,0,0,0,0,0,0
2020-01-28,2,0,0,0,0,0,0
2020-01-29,2,0,0,0,0,0,0
2020-01-30,2,0,0,0,0,0,0
2020-01-31,2,0,0,0,0,0,0
2020-02-01,2,0,0,0,0,0,0
2020-02-02,2,0,0,0,0,0,0
2020-02-03,3,0,1,0,0,0,0
2020-02-04,3,0,0,0,0,0,0
2020-02-05,3,0,0,0,0,0,0
2020-02-06,5,0,2,0,0,0,0
2020-02-07,5,0,0,0,0,0,0
2020-02-08,5,0,0,0,0,0,0
2020-02-09,5,0,0,0,0,0,0
2020-02-10,5,0,0,0,0,0,0
2020-02-11,5,0,0,0,0,0,0
2020-02-12,5,0,0,0,0,0,0
2020-02-13,6,0,1,0,0,0,0
2020-02-14,7,0,1,0,0,0,0
2020-02-15,7,0,0,0,0,0,0
2020-02-16,7,0,0,0,0,0,0
2020-02-17,7,0,0,0,0,0,0
2020-02-18,7,0,0,0,0,0,0
2020-02-19,7,0,0,0,0,0,0
2020-02-20,7,0,0,0,0,0,0
2020-02-21,7,0,0,0,0,0,0
2020-02-22,7,0,0,0,0,0,0
2020-02-23,8,0,1,0,0,0,0
2020-02-24,9,0,1,0,0,0,0
2020-02-25,10,0,1,0,0,0,0
2020-02-26,12,2,2,2,0,0,0
2020-02-27,13,2,1,0,0,0,0
2020-02-28,15,4,2,2,0,0,0
2020-02-29,18,5,3,1,0,0,0
2020-03-01,26,8,8,3,0,0,0
2020-03-02,43,11,17,3,0,0,0
2020-03-03,59,14,16,3,0,0,0
2020-03-04,93,16,34,2,0,0,0
2020-03-05,117,20,24,4,0,0,0
2020-03-06,155,26,38,6,0,0,0
2020-03-07,206,27,51,1,0,0,0
2020-03-08,244,31,38,4,0,0,0
2020-03-09,282,35,38,4,0,0,0
2020-03-10,343,37,61,2,0,0,0
2020-03-11,405,40,62,3,0,0,0
2020-03-12,515,44,110,4,0,0,0
2020-03-13,648,47,133,3,0,0,0
2020-03-14,827,51,179,4,0,0,0
2020-03-15,1041,57,214,6,0,0,0
2020-03-16,1197,69,156,12,0,0,0
2020-03-17,1305,78,108,9,0,0,0
2020-03-18,1605,82,300,4,0,0,0
2020-03-19,1873,92,268,10,0,0,0
2020-03-20,2163,104,290,12,0,0,0
2020-03-21,2497,111,334,7,0,0,0
2020-03-22,2801,126,304,15,0,0,0
2020-03-23,2998,137,197,11,0,0,0
2020-03-24,3190,146,192,9,0,0,0
2020-03-25,3653,159,463,13,0,0,0
2020-03-26,4091,183,438,24,0,0,0
2020-03-27,4532,199,441,16,0,0,0
2020-03-28,4967,220,435,21,0,0,0
2020-03-29,5429,237,462,17,0,0,0
2020-03-30,5716,248,287,11,0,0,0
2020-03-31,5957,262,241,14,0,0,0
2020-04-01,6525,282,568,20,0,0,0
2020-04-02,6987,310,462,28,0,0,0
2020-04-03,7439,338,452,28,0,0,0
2020-04-04,7838,365,399,27,0,0,574
2020-04-05,8254,386,416,21,0,0,581
2020-04-06,8461,407,207,21,0,0,638
2020-04-07,8632,429,171,22,0,0,641
2020-04-08,9027,443,395,14,0,0,655
2020-04-09,9440,459,413,16,0,0,650
2020-04-10,9786,476,346,17,0,0,642
2020-04-11,10149,494,363,18,0,0,649
2020-04-12,10458,509,309,15,0,0,642
2020-04-13,10613,526,155,17,0,0,527
2020-04-14,10703,542,90,16,0,0,387
2020-04-15,11074,551,371,9,0,0,645
2020-04-16,11376,571,302,20,0,0,595
2020-04-17,11705,585,329,14,0,0,622
2020-04-18,12014,598,309,13,0,0,518
2020-04-19,12361,615,347,17,0,0,586
2020-04-20,12537,629,176,14,0,0,403
2020-04-21,12633,640,96,11,0,0,503
2020-04-22,12967,647,334,7,0,0,543
2020-04-23,13235,654,268,7,0,0,544
2020-04-24,13519,659,284,5,0,0,551
2020-04-25,13794,665,275,6,0,0,455
2020-04-26,14145,738,351,73,0,0,508
2020-04-27,14311,749,166,11,0,0,536
2020-04-28,14425,765,114,16,0,0,436
2020-04-29,14795,786,370,21,0,0,490
2020-04-30,15090,801,295,15,0,0,474
2020-05-01,15418,814,328,13,0,0,470
2020-05-02,15665,824,247,10,0,0,428
2020-05-03,15983,830,318,6,0,0,411
2020-05-04,16096,834,113,4,0,0,263
2020-05-05,16181,841,85,7,0,0,292
2020-05-06,16569,862,388,21,0,0,390
2020-05-07,16828,870,259,8,0,0,358
2020-05-08,17117,891,289,21,0,0,393
2020-05-09,17383,905,266,14,0,0,393
2020-05-10,17637,921,254,16,0,0,335
2020-05-11,17763,931,126,10,0,0,350
2020-05-12,17824,945,61,14,0,0,321
2020-05-13,18118,962,294,17,0,0,562
2020-05-14,18369,975,251,13,0,0,645
2020-05-15,18681,983,312,8,0,0,626
2020-05-16,18952,992,271,9,0,0,663
2020-05-17,19234,1000,282,8,0,0,581
2020-05-18,19352,1001,118,1,0,0,558
2020-05-19,19416,1002,64,1,0,0,539
2020-05-20,19735,1031,319,29,0,0,504
2020-05-21,20034,1037,299,6,3125,3125,518
2020-05-22,20302,1044,268,7,3156,31,572
2020-05-23,20599,1050,297,6,3230,74,553
2020-05-24,20912,1055,313,5,3256,26,560
2020-05-25,21063,1061,151,6,3287,31,536
2020-05-26,21165,1070,102,9,3290,3,509
2020-05-27,21314,1078,149,8,3338,48,521
2020-05-28,21714,1095,400,17,3394,56,524
2020-05-29,22065,1106,351,11,3413,19,547
2020-05-30,22367,1111,302,5,3455,42,541
2020-05-31,22711,1118,344,7,3480,25,536
2020-06-01,22860,1118,149,0,3501,21,497
2020-06-02,22960,1124,100,6,3517,16,473
2020-06-03,23370,1129,410,5,3543,26,474
2020-06-04,23787,1135,417,6,3578,35,484
2020-06-05,24169,1138,382,3,3615,37,519
2020-06-06,24496,1149,327,11,3639,24,479
2020-06-07,24889,1153,393,4,3652,13,446
2020-06-08,25052,1159,163,6,3669,17,350
2020-06-09,25162,1161,110,2,3699,30,372
2020-06-10,25672,1176,510,15,3747,48,350
2020-06-11,26081,1190,409,14,3773,26,384
2020-06-12,26452,1194,371,4,3772,-1,386
2020-06-13,26852,1204,400,10,3817,45,372
2020-06-14,27242,1213,390,9,3845,28,350
2020-06-15,27435,1217,193,4,3856,11,357
2020-06-16,27571,1221,136,4,3894,38,342
2020-06-17,28091,1231,520,10,3915,21,359
2020-06-18,28585,1226,494,-5,3938,23,373
2020-06-19,29045,1245,460,19,3959,21,396
2020-06-20,29587,1255,542,10,4003,44,359
2020-06-21,30108,1265,521,10,4030,27,371
2020-06-22,30423,1270,315,5,4049,19,362
2020-06-23,30614,1276,191,6,4062,13,372
2020-06-24,31338,1284,724,8,4067,5,386
2020-06-25,31958,1293,620,9,4093,26,402
2020-06-26,32634,1300,676,7,4106,13,372
2020-06-27,33295,1304,661,4,4194,88,386
2020-06-28,33921,1310,626,6,4240,46,400
2020-06-29,34414,1310,493,0,4275,35,387
2020-06-30,34680,1320,266,10,4323,48,395
2020-07-01,35669,1332,989,12,4361,38,427
2020-07-02,36589,1339,920,7,4402,41,430
2020-07-03,37473,1342,884,3,4442,40,460
2020-07-04,38361,1352,888,10,4463,21,446
2020-07-05,38814,1354,453,2,4473,10,412
2020-07-06,39055,1359,241,5,4482,9,398
2020-07-07,39356,1370,301,11,4544,62,407
2020-07-08,40341,1384,985,14,4582,38,425
2020-07-09,41403,1394,1062,10,4630,48,468
2020-07-10,42375,1409,972,15,4665,35,460
2020-07-11,43241,1424,866,15,4662,-3,447
2020-07-12,44091,1424,850,0,4662,0,447
2020-07-13,44633,1438,542,14,4751,89,443
2020-07-14,44977,1399,344,-39,4778,27,445
2020-07-15,46070,1404,1093,5,4788,10,497
2020-07-16,47039,1421,969,17,4829,41,527
2020-07-17,48039,1427,1000,6,4944,115,536
2020-07-18,48900,1434,861,7,4984,40,524
2020-07-19,49808,1444,908,10,5033,49,534
2020-07-20,50343,1447,535,3,5063,30,511
2020-07-21,50686,1453,343,6,5102,39,494
2020-07-22,51686,1465,1000,12,5161,59,546
2020-07-23,52782,1468,1096,3,5211,50,527
2020-07-24,53809,1482,1027,14,5276,65,517
2020-07-25,54716,1495,907,13,5301,25,520
2020-07-26,55526,1494,810,-1,5341,40,494
2020-07-27,56001,1501,475,7,5374,33,481
2020-07-28,56338,1518,337,17,5397,23,478
2020-07-29,57339,1548,1001,30,5474,77,509
2020-07-30,58298,1555,959,7,5476,2,530
2020-07-31,59196,1564,898,9,5568,92,526
2020-08-01,59947,1564,751,0,5568,0,532
2020-08-02,60658,1592,711,28,5655,87,530
2020-08-03,61074,1596,416,4,5692,37,512
2020-08-04,61312,1600,238,4,5744,52,518
2020-08-05,62183,1619,871,19,5779,35,525
2020-08-06,63055,1624,872,5,5840,61,518
2020-08-07,63823,1653,768,29,5874,34,505
2020-08-08,64555,1672,732,19,5890,16,551
2020-08-09,65229,1688,674,16,5896,6,531
2020-08-10,65593,1688,364,0,6001,105,532
2020-08-11,65806,1697,213,9,6049,48,495
2020-08-12,66630,1716,824,19,6102,53,480
2020-08-13,67355,1724,725,8,6137,35,513
2020-08-14,67987,1736,632,12,6182,45,519
2020-08-15,68615,1755,628,19,6206,24,529
2020-08-16,69288,1766,673,11,6230,24,504
2020-08-17,69647,1781,359,15,6255,25,487
2020-08-18,69811,1785,164,4,6296,41,475
2020-08-19,70481,1809,670,24,6358,62,481
2020-08-20,71105,1822,624,13,6388,30,498
2020-08-21,71733,1837,628,15,6400,12,481
2020-08-22,72242,1850,509,13,6469,69,469
2020-08-23,72793,1857,551,7,6500,31,455
2020-08-24,73067,1863,274,6,6530,30,454
2020-08-25,73284,1867,217,4,6542,12,421
2020-08-26,73916,1876,632,9,6595,53,441
2020-08-27,74525,1880,609,4,6640,45,459
2020-08-28,75123,1890,598,10,6674,34,443
2020-08-29,75656,1905,533,15,6679,5,425
2020-08-30,76155,1905,499,0,6740,61,415
2020-08-31,76480,1905,325,0,6740,0,411
2020-09-01,76642,1915,162,10,6763,23,392
2020-09-02,77238,1931,596,16,6787,24,416
2020-09-03,77787,1935,549,4,6795,8,408
2020-09-04,78315,1945,528,10,6834,39,399
2020-09-05,78842,1953,527,8,6848,14,417
2020-09-06,79349,1953,507,0,6842,-6,403
2020-09-07,79653,1953,304,0,6860,18,384
2020-09-08,79816,1953,163,0,6860,0,376
2020-09-09,80035,1978,219,25,6966,106,358
2020-09-10,80599,1985,564,7,6993,27,382
2020-09-11,81135,1991,536,6,7018,25,392
2020-09-12,81610,1991,475,0,7048,30,384
2020-09-13,82088,1991,478,0,7081,33,371
2020-09-14,82327,2006,239,15,7098,17,385
2020-09-15,82465,2015,138,9,7127,29,348
2020-09-16,82976,2020,511,5,7162,35,357
2020-09-17,83458,2031,482,11,7196,34,380
2020-09-18,83929,2037,471,6,7215,19,379
2020-09-19,84407,2037,478,0,7215,0,395
2020-09-20,84942,2037,535,0,7248,33,380
2020-09-21,85265,2037,323,0,7262,14,377
2020-09-22,85461,2070,196,33,7314,52,487
2020-09-23,86130,2070,669,0,7314,0,361
2020-09-24,86729,2081,599,11,7349,35,384
2020-09-25,87324,2080,595,-1,7357,8,401
2020-09-26,87912,2100,588,20,7412,55,383
2020-09-27,88433,2100,521,0,7431,19,395
2020-09-28,88761,2100,328,0,7455,24,355
2020-09-29,88961,2100,200,0,7477,22,362
2020-09-30,89739,2124,778,24,7483,6,384
2020-10-01,90372,2126,633,2,7533,50,410
2020-10-02,90990,2132,618,6,7573,40,371
2020-10-03,91570,2143,580,11,7586,13,361
2020-10-04,92198,2142,628,-1,7611,25,370
2020-10-05,92601,2142,403,0,7628,17,367
2020-10-06,92853,2158,252,16,7622,-6,347
2020-10-07,93759,2165,906,7,7673,51,355
2020-10-08,94482,2177,723,12,7703,30,383
2020-10-09,95205,2183,723,6,7733,30,357
2020-10-10,95931,2190,726,7,7762,29,364
2020-10-11,96632,2190,701,0,7786,24,373
2020-10-12,97015,2190,383,0,7786,0,352
2020-10-13,97268,2211,253,21,7874,88,376
2020-10-14,98135,2211,867,0,7874,0,367
2020-10-15,98903,2221,768,10,7883,9,373
2020-10-16,99674,2232,771,11,7956,73,376
2020-10-17,100444,2239,770,7,7971,15,396
2020-10-18,101108,2239,664,0,7994,23,376
2020-10-19,101517,2239,409,0,8018,24,388
2020-10-20,101815,2258,298,19,8077,59,392
2020-10-21,102728,2282,913,24,8124,47,414
2020-10-22,103646,2286,918,4,8149,25,407
2020-10-23,104431,2289,785,3,8183,34,437
2020-10-24,105280,2296,849,7,8231,48,412
2020-10-25,106115,2296,835,0,8280,49,405
2020-10-26,106704,2296,589,0,8280,0,389
2020-10-27,107052,2321,348,25,8322,42,422
2020-10-28,108185,2337,1133,16,8358,36,417
2020-10-29,109260,2353,1075,16,8383,25,426
2020-10-30,110362,2359,1102,6,8467,84,433
2020-10-31,111607,2366,1245,7,8522,55,450
2020-11-01,112754,2366,1147,0,8571,49,470
2020-11-02,113541,2366,787,0,8611,40,464
2020-11-03,114084,2378,543,12,8634,23,471
2020-11-04,115790,2400,1706,22,8675,41,480
2020-11-05,117385,2416,1595,16,8735,60,476
2020-11-06,119257,2431,1872,15,8784,49,492
2020-11-07,121381,2439,2124,8,8791,7,510
2020-11-08,123312,2439,1931,0,8795,4,504
2020-11-09,124719,2439,1407,0,8803,8,526
2020-11-10,125496,2460,777,21,9031,228,537
2020-11-11,128209,2482,2713,22,9092,61,589
2020-11-12,130593,2482,2384,0,9092,0,628
2020-11-13,132756,2507,2163,25,9178,86,653
2020-11-14,135666,2519,2910,12,9266,88,698
2020-11-15,138276,2519,2610,0,9281,15,658
2020-11-16,140157,2519,1881,0,9425,144,681
2020-11-17,141326,2548,1169,29,9518,93,707
2020-11-18,144780,2571,3454,23,9573,55,738
2020-11-19,147996,2592,3216,21,9622,49,748
2020-11-20,151066,2603,3070,11,9653,31,844
2020-11-21,154148,2619,3082,16,9717,64,876
2020-11-22,157341,2619,3193,0,9765,48,887
2020-11-23,159231,2619,1890,0,9765,0,893
2020-11-24,160636,2655,1405,36,10096,331,894
2020-11-25,164314,2690,3678,35,10166,70,932
2020-11-26,167471,2704,3157,14,10242,76,1007
2020-11-27,170407,2704,2936,0,10242,0,1002
2020-11-28,170937,2703,530,-1,10496,254,990
2020-11-29,173561,2703,2624,0,10663,167,983
2020-11-30,175740,2703,2179,0,10759,96,989
2020-12-01,177054,2774,1314,71,10895,136,1003
2020-12-02,181756,2805,4702,31,10920,25,1077
2020-12-03,185157,2850,3401,45,10954,34,1083
2020-12-04,188469,2900,3312,50,11195,241,1097
2020-12-05,191607,2925,3138,25,11273,78,1099
2020-12-06,194687,2925,3080,0,11475,202,1099
2020-12-07,196460,2925,1773,0,11544,69,1099
2020-12-08,197642,2941,1182,16,11696,152,1094
2020-12-09,201292,2967,3650,26,11841,145,1114
2020-12-10,204269,3016,2977,49,11996,155,1177
2020-12-11,206826,2850,2557,-166,12084,88,1166
2020-12-12,209247,2879,2421,29,12237,153,1140
2020-12-13,211475,2879,2228,0,12368,131,1140
2020-12-14,212885,2879,1410,0,12525,157,1140
2020-12-15,213537,2918,652,39,12649,124,1144
2020-12-16,214204,2953,667,35,12773,124,1181
2020-12-17,214265,3042,61,89,13074,301,1233
2020-12-18,217205,3117,2940,75,13235,161,1231
2020-12-19,220268,3104,3063,-13,13291,56,1175
2020-12-20,222600,3104,2332,0,13391,100,1175
