"date","positive","death","positiveIncrease","deathIncrease","hospitalized","hospitalizedIncrease","hospitalizedCurrently"
2020-03-04,53,0,0,0,0,0,0
2020-03-05,53,0,0,0,0,0,0
2020-03-06,60,0,7,0,0,0,0
2020-03-07,69,0,9,0,0,0,0
2020-03-08,88,0,19,0,0,0,0
2020-03-09,114,0,26,0,0,0,0
2020-03-10,133,0,19,0,0,0,0
2020-03-11,157,0,24,0,0,0,0
2020-03-12,202,4,45,4,0,0,0
2020-03-13,202,4,0,0,0,0,0
2020-03-14,252,5,50,1,0,0,0
2020-03-15,293,5,41,0,0,0,0
2020-03-16,335,6,42,1,0,0,0
2020-03-17,483,11,148,5,0,0,0
2020-03-18,611,13,128,2,0,0,0
2020-03-19,924,18,313,5,0,0,0
2020-03-20,1063,20,139,2,0,0,0
2020-03-21,1279,24,216,4,0,0,0
2020-03-22,1536,27,257,3,0,0,0
2020-03-23,1733,27,197,0,0,0,0
2020-03-24,2102,40,369,13,0,0,0
2020-03-25,2355,53,253,13,0,0,0
2020-03-26,3006,65,651,12,0,0,0
2020-03-27,3879,78,873,13,0,0,746
2020-03-28,4643,101,764,23,0,0,1034
2020-03-29,5708,123,1065,22,0,0,1034
2020-03-30,6447,133,739,10,0,0,1432
2020-03-31,7482,153,1035,20,0,0,1617
2020-04-01,8155,171,673,18,0,0,1855
2020-04-02,9191,203,1036,32,0,0,1922
2020-04-03,10701,237,1510,34,0,0,2188
2020-04-04,12026,276,1325,39,0,0,2300
2020-04-05,13438,319,1412,43,0,0,2398
2020-04-06,14336,343,898,24,0,0,2509
2020-04-07,15865,374,1529,31,0,0,2611
2020-04-08,16957,442,1092,68,0,0,2714
2020-04-09,18309,492,1352,50,0,0,2825
2020-04-10,19472,541,1163,49,0,0,2897
2020-04-11,20615,609,1143,68,0,0,5236
2020-04-12,21794,651,1179,42,0,0,5234
2020-04-13,22348,687,554,36,0,0,3015
2020-04-14,23338,758,990,71,0,0,5163
2020-04-15,24424,821,1086,63,0,0,5163
2020-04-16,26182,890,1758,69,0,0,5031
2020-04-17,27528,985,1346,95,0,0,4892
2020-04-18,28963,1072,1435,87,0,0,4936
2020-04-19,30333,1166,1370,94,0,0,4731
2020-04-20,30978,1208,645,42,0,0,4674
2020-04-21,33261,1268,2283,60,0,0,4886
2020-04-22,35396,1354,2135,86,0,0,4984
2020-04-23,37369,1469,1973,115,0,0,4929
2020-04-24,39254,1562,1885,93,0,0,4880
2020-04-25,41137,1651,1883,89,0,0,4847
2020-04-26,42164,1710,1027,59,0,0,4928
2020-04-27,43464,1755,1300,45,0,0,4878
2020-04-28,45031,1809,1567,54,0,0,4983
2020-04-29,46500,1887,1469,78,0,0,5011
2020-04-30,48917,1982,2417,95,0,0,4981
2020-05-01,50442,2073,1525,91,0,0,4706
2020-05-02,52197,2171,1755,98,0,0,4722
2020-05-03,53616,2215,1419,44,0,0,4734
2020-05-04,54937,2254,1321,39,0,0,4616
2020-05-05,56212,2317,1275,63,0,0,4622
2020-05-06,58815,2412,2603,95,0,0,4681
2020-05-07,60614,2504,1799,92,0,0,4560
2020-05-08,62512,2585,1898,81,0,0,4514
2020-05-09,64561,2678,2049,93,0,0,4538
2020-05-10,66680,2745,2119,67,0,0,4555
2020-05-11,67939,2770,1259,25,0,0,4549
2020-05-12,69382,2847,1443,77,0,0,4544
2020-05-13,71141,2934,1759,87,0,0,4545
2020-05-14,73164,3032,2023,98,0,0,4655
2020-05-15,74936,3108,1772,76,0,0,4519
2020-05-16,76793,3204,1857,96,0,0,4424
2020-05-17,78839,3261,2046,57,0,0,4291
2020-05-18,80430,3302,1591,41,0,0,4391
2020-05-19,81795,3334,1365,32,0,0,4363
2020-05-20,84057,3436,2262,102,0,0,4681
2020-05-21,86197,3542,2140,106,0,0,4735
2020-05-22,88444,3630,2247,88,0,0,4762
2020-05-23,90631,3708,2187,78,0,0,4342
2020-05-24,92710,3774,2079,66,0,0,4300
2020-05-25,94558,3795,1848,21,0,0,4306
2020-05-26,96733,3814,2175,19,0,0,4404
2020-05-27,98980,3884,2247,70,0,0,4544
2020-05-28,101697,3973,2717,89,0,0,4529
2020-05-29,103886,4068,2189,95,0,0,4414
2020-05-30,106878,4156,2992,88,0,0,4215
2020-05-31,110583,4213,3705,57,0,0,4331
2020-06-01,113006,4251,2423,38,0,0,4258
2020-06-02,115310,4286,2304,35,0,0,4393
2020-06-03,117687,4361,2377,75,0,0,4458
2020-06-04,119807,4422,2120,61,0,0,4455
2020-06-05,122901,4485,3094,63,0,0,4625
2020-06-06,126016,4559,3115,74,0,0,4526
2020-06-07,128812,4626,2796,67,0,0,4525
2020-06-08,131319,4653,2507,27,0,0,4506
2020-06-09,133489,4697,2170,44,0,0,4583
2020-06-10,136191,4776,2702,79,0,0,4719
2020-06-11,139281,4881,3090,105,0,0,4534
2020-06-12,141983,4943,2702,62,0,0,4480
2020-06-13,145643,4989,3660,46,0,0,4411
2020-06-14,148855,5063,3212,74,0,0,4247
2020-06-15,151452,5089,2597,26,0,0,4323
2020-06-16,153560,5121,2108,32,0,0,4462
2020-06-17,157015,5208,3455,87,0,0,4522
2020-06-18,161099,5290,4084,82,0,0,4584
2020-06-19,165416,5360,4317,70,0,0,4587
2020-06-20,169309,5424,3893,64,0,0,4582
2020-06-21,173824,5495,4515,71,0,0,4679
2020-06-22,178054,5515,4230,20,0,0,4804
2020-06-23,183073,5580,5019,65,0,0,5065
2020-06-24,190222,5632,7149,52,0,0,5399
2020-06-25,195571,5733,5349,101,0,0,5522
2020-06-26,200461,5812,4890,79,0,0,5639
2020-06-27,206433,5872,5972,60,0,0,5790
2020-06-28,211243,5905,4810,33,0,0,5956
2020-06-29,219252,5936,8009,31,0,0,6179
2020-06-30,228732,5980,9480,44,0,0,6466
2020-07-01,236139,6090,7407,110,0,0,6612
2020-07-02,242547,6163,6408,73,0,0,6812
2020-07-03,248235,6263,5688,100,0,0,7024
2020-07-04,257388,6313,9153,50,0,0,7092
2020-07-05,265985,6331,8597,18,0,0,7149
2020-07-06,271684,6337,5699,6,0,0,7278
2020-07-07,277774,6448,6090,111,0,0,7499
2020-07-08,289468,6562,11694,114,0,0,7705
2020-07-09,296499,6711,7031,149,0,0,7821
2020-07-10,304297,6851,7798,140,0,0,7896
2020-07-11,312344,6945,8047,94,0,0,7904
2020-07-12,320804,7017,8460,72,0,0,7854
2020-07-13,329162,7040,8358,23,0,0,7895
2020-07-14,336508,7087,7346,47,0,0,8145
2020-07-15,347634,7227,11126,140,0,0,8353
2020-07-16,356178,7345,8544,118,0,0,8363
2020-07-17,366164,7475,9986,130,0,0,8450
2020-07-18,375363,7595,9199,120,0,0,8502
2020-07-19,384692,7685,9329,90,0,0,8398
2020-07-20,391538,7694,6846,9,0,0,8419
2020-07-21,400769,7755,9231,61,0,0,8681
2020-07-22,413576,7870,12807,115,0,0,8820
2020-07-23,425616,8027,12040,157,0,0,8820
2020-07-24,435334,8186,9718,159,0,0,8820
2020-07-25,445400,8337,10066,151,0,0,8820
2020-07-26,453659,8416,8259,79,0,0,8820
2020-07-27,460550,8445,6891,29,0,0,8820
2020-07-28,466550,8518,6000,73,0,0,8317
2020-07-29,475305,8715,8755,197,0,0,8439
2020-07-30,485502,8909,10197,194,0,0,8198
2020-07-31,493588,9005,8086,96,0,0,7999
2020-08-01,500130,9224,6542,219,0,0,7754
2020-08-02,509162,9356,9032,132,0,0,7761
2020-08-03,514901,9388,5739,32,0,0,7629
2020-08-04,519427,9501,4526,113,0,0,7630
2020-08-05,524722,9703,5295,202,0,0,7552
2020-08-06,529980,9869,5258,166,0,0,7485
2020-08-07,538416,10011,8436,142,0,0,7277
2020-08-08,545787,10189,7371,178,0,0,6956
2020-08-09,554160,10293,8373,104,0,0,6849
2020-08-10,561911,10359,7751,66,0,0,6770
2020-08-11,574411,10468,12500,109,0,0,6759
2020-08-12,586056,10648,11645,180,0,0,6647
2020-08-13,593141,10808,7085,160,0,0,6424
2020-08-14,601075,10996,7934,188,0,0,6364
2020-08-15,613689,11147,12614,151,0,0,6327
2020-08-16,621562,11224,7873,77,0,0,6309
2020-08-17,628031,11242,6469,18,0,0,6332
2020-08-18,632667,11342,4636,100,0,0,6360
2020-08-19,638831,11523,6164,181,0,0,6479
2020-08-20,644751,11686,5920,163,0,0,6212
2020-08-21,650336,11821,5585,135,0,0,6039
2020-08-22,656892,11988,6556,167,0,0,5873
2020-08-23,663669,12134,6777,146,0,0,5665
2020-08-24,668615,12152,4946,18,0,0,5618
2020-08-25,673095,12257,4480,105,0,0,5561
2020-08-26,679099,12407,6004,150,0,0,5537
2020-08-27,683529,12550,4430,143,0,0,5397
2020-08-28,688858,12690,5329,140,0,0,5267
2020-08-29,693839,12834,4981,144,0,0,5063
2020-08-30,699909,12905,6070,71,0,0,4943
2020-08-31,704085,12933,4176,28,0,0,4829
2020-09-01,707797,13018,3712,85,0,0,4869
2020-09-02,712052,13163,4255,145,0,0,4851
2020-09-03,717177,13327,5125,164,0,0,4571
2020-09-04,722283,13490,5106,163,0,0,4401
2020-09-05,727239,13643,4956,153,0,0,4242
2020-09-06,732144,13709,4905,66,0,0,4226
2020-09-07,735235,13726,3091,17,0,0,4285
2020-09-08,737911,13758,2676,32,0,0,4297
2020-09-09,739527,13841,1616,83,0,0,4425
2020-09-10,742865,13978,3338,137,0,0,4225
2020-09-11,746191,14089,3326,111,0,0,4023
2020-09-12,750298,14251,4107,162,0,0,3848
2020-09-13,754923,14329,4625,78,0,0,3741
2020-09-14,757778,14385,2855,56,0,0,3665
2020-09-15,760013,14451,2235,66,0,0,3735
2020-09-16,762963,14615,2950,164,0,0,3685
2020-09-17,766201,14721,3238,106,0,0,3621
2020-09-18,769831,14812,3630,91,0,0,3570
2020-09-19,774135,14912,4304,100,0,0,3510
2020-09-20,778400,14987,4265,75,0,0,3441
2020-09-21,781694,15018,3294,31,0,0,3459
2020-09-22,784324,15071,2630,53,0,0,3520
2020-09-23,787470,15204,3146,133,0,0,3557
2020-09-24,790640,15314,3170,110,0,0,3484
2020-09-25,794040,15398,3400,84,0,0,3307
2020-09-26,798237,15532,4197,134,0,0,3203
2020-09-27,802308,15587,4071,55,0,0,3129
2020-09-28,805263,15608,2955,21,0,0,3160
2020-09-29,807425,15640,2162,32,0,0,3223
2020-09-30,810625,15792,3200,152,0,0,3267
2020-10-01,813687,15888,3062,96,0,0,3205
2020-10-02,817277,15986,3590,98,0,0,3166
2020-10-03,819436,16074,2159,88,0,0,3079
2020-10-04,823729,16120,4293,46,0,0,3129
2020-10-05,826784,16149,3055,29,0,0,3146
2020-10-06,828461,16177,1677,28,0,0,3175
2020-10-07,831225,16228,2764,51,0,0,3204
2020-10-08,834800,16361,3575,133,0,0,3186
2020-10-09,838606,16428,3806,67,0,0,3186
2020-10-10,842776,16500,4170,72,0,0,3084
2020-10-11,846579,16564,3803,64,0,0,3103
2020-10-12,850028,16572,3449,8,0,0,3070
2020-10-13,852406,16581,2378,9,0,0,3060
2020-10-14,855072,16639,2666,58,0,0,3126
2020-10-15,858401,16757,3329,118,0,0,3078
2020-10-16,861476,16830,3075,73,0,0,3035
2020-10-17,864455,16899,2979,69,0,0,2995
2020-10-18,867317,16943,2862,44,0,0,3020
2020-10-19,870791,16970,3474,27,0,0,3002
2020-10-20,874077,16992,3286,22,0,0,3104
2020-10-21,877784,17027,3707,35,0,0,3077
2020-10-22,880724,17189,2940,162,0,0,3051
2020-10-23,886865,17262,6141,73,0,0,3011
2020-10-24,892810,17311,5945,49,0,0,3007
2020-10-25,898029,17345,5219,34,0,0,2969
2020-10-26,901010,17357,2981,12,0,0,2991
2020-10-27,904198,17400,3188,43,0,0,3000
2020-10-28,908713,17475,4515,75,0,0,2998
2020-10-29,912904,17541,4191,66,0,0,3083
2020-10-30,916918,17571,4014,30,0,0,3148
2020-10-31,922005,17626,5087,55,0,0,3212
2020-11-01,926534,17667,4529,41,0,0,3193
2020-11-02,930628,17672,4094,5,0,0,3241
2020-11-03,934672,17686,4044,14,0,0,3270
2020-11-04,940010,17752,5338,66,0,0,3410
2020-11-05,944576,17815,4566,63,0,0,3462
2020-11-06,951094,17866,6518,51,0,0,3489
2020-11-07,956957,17939,5863,73,0,0,3456
2020-11-08,964639,17963,7682,24,0,0,3554
2020-11-09,971851,17977,7212,14,0,0,3668
2020-11-10,977218,18001,5367,24,0,0,3799
2020-11-11,984682,18070,7464,69,0,0,3987
2020-11-12,991609,18108,6927,38,0,0,4002
2020-11-13,998502,18137,6893,29,0,0,4138
2020-11-14,1008377,18218,9875,81,0,0,4212
2020-11-15,1019345,18253,10968,35,0,0,4454
2020-11-16,1029235,18263,9890,10,0,0,4559
2020-11-17,1037978,18299,8743,36,0,0,4885
2020-11-18,1047789,18360,9811,61,0,0,5078
2020-11-19,1059267,18466,11478,106,0,0,5319
2020-11-20,1072272,18557,13005,91,0,0,5497
2020-11-21,1087714,18643,15442,86,0,0,5745
2020-11-22,1102033,18676,14319,33,0,0,5918
2020-11-23,1110370,18726,8337,50,0,0,6254
2020-11-24,1125699,18769,15329,43,0,0,6641
2020-11-25,1144049,18875,18350,106,0,0,7049
2020-11-26,1158689,18979,14640,104,0,0,7197
2020-11-27,1171324,19033,12635,54,0,0,7388
2020-11-28,1183320,19089,11996,56,0,0,7684
2020-11-29,1198934,19121,15614,32,0,0,8198
2020-11-30,1212968,19141,14034,20,0,0,8578
2020-12-01,1225189,19211,12221,70,0,0,9049
2020-12-02,1245948,19324,20759,113,0,0,9365
2020-12-03,1264539,19437,18591,113,0,0,9702
2020-12-04,1286557,19582,22018,145,0,0,9948
2020-12-05,1311625,19791,25068,209,0,0,10273
2020-12-06,1341700,19876,30075,85,0,0,10624
2020-12-07,1366435,19935,24735,59,0,0,10998
2020-12-08,1389707,20047,23272,112,0,0,11511
2020-12-09,1420558,20243,30851,196,0,0,11965
2020-12-10,1450235,20463,29677,220,0,0,12477
2020-12-11,1485703,20622,35468,159,0,0,12940
2020-12-12,1521432,20847,35729,225,0,0,13410
2020-12-13,1551766,20969,30334,122,0,0,13960
2020-12-14,1585044,21046,33278,77,0,0,14578
2020-12-15,1617370,21188,32326,142,0,0,15198
2020-12-16,1671081,21481,53711,293,0,0,15886
2020-12-17,1723362,21860,52281,379,0,0,16426
2020-12-18,1764374,22160,41012,300,0,0,16965
2020-12-19,1807982,22432,43608,272,0,0,17398
2020-12-20,1854456,22593,46474,161,0,0,17750
