"date","positive","death","positiveIncrease","deathIncrease","hospitalized","hospitalizedIncrease","hospitalizedCurrently"
2020-03-04,1,0,0,0,0,0,0
2020-03-05,1,0,0,0,0,0,0
2020-03-06,2,0,1,0,0,0,0
2020-03-07,2,0,0,0,0,0,0
2020-03-08,2,0,0,0,0,0,0
2020-03-09,2,0,0,0,0,0,0
2020-03-10,7,0,5,0,0,0,0
2020-03-11,7,0,0,0,0,0,0
2020-03-12,12,0,5,0,0,0,0
2020-03-13,15,0,3,0,0,0,0
2020-03-14,23,0,8,0,0,0,0
2020-03-15,32,0,9,0,0,0,0
2020-03-16,33,0,1,0,0,0,0
2020-03-17,40,0,7,0,0,0,0
2020-03-18,63,0,23,0,0,0,0
2020-03-19,97,0,34,0,0,0,0
2020-03-20,137,0,40,0,0,0,0
2020-03-21,184,0,47,0,0,0,0
2020-03-22,255,0,71,0,0,0,0
2020-03-23,297,0,42,0,0,0,0
2020-03-24,398,0,101,0,0,0,0
2020-03-25,504,1,106,1,0,0,29
2020-03-26,636,2,132,1,0,0,29
2020-03-27,763,3,127,1,0,0,77
2020-03-28,935,4,172,1,0,0,87
2020-03-29,1040,4,105,0,0,0,91
2020-03-30,1307,6,267,2,0,0,137
2020-03-31,1498,8,191,2,0,0,157
2020-04-01,1584,10,86,2,0,0,204
2020-04-02,1857,16,273,6,0,0,184
2020-04-03,2093,19,236,3,0,0,184
2020-04-04,2402,24,309,5,0,0,271
2020-04-05,2585,31,183,7,0,0,261
2020-04-06,2870,33,285,2,0,0,270
2020-04-07,3221,46,351,13,0,0,354
2020-04-08,3426,53,205,7,0,0,386
2020-04-09,3651,65,225,12,0,0,398
2020-04-10,3908,74,257,9,0,0,423
2020-04-11,4312,80,404,6,0,0,362
2020-04-12,4520,81,208,1,0,0,331
2020-04-13,4816,86,296,5,0,0,313
2020-04-14,5024,108,208,22,0,0,418
2020-04-15,5123,117,99,9,0,0,431
2020-04-16,5465,131,342,14,0,0,452
2020-04-17,5859,152,394,21,0,0,429
2020-04-18,6140,164,281,12,0,0,388
2020-04-19,6493,172,353,8,0,0,465
2020-04-20,6764,179,271,7,0,0,373
2020-04-21,6951,213,187,34,0,0,427
2020-04-22,7220,242,269,29,0,0,434
2020-04-23,7608,253,388,11,0,0,486
2020-04-24,8052,269,444,16,0,0,477
2020-04-25,8623,289,571,20,0,0,456
2020-04-26,8830,299,207,10,0,0,451
2020-04-27,9142,306,312,7,0,0,473
2020-04-28,9568,342,426,36,0,0,463
2020-04-29,9948,354,380,12,0,0,551
2020-04-30,10509,378,561,24,0,0,546
2020-05-01,10923,399,414,21,0,0,547
2020-05-02,11509,420,586,21,0,0,502
2020-05-03,11664,422,155,2,0,0,475
2020-05-04,11848,430,184,8,0,0,498
2020-05-05,12256,452,408,22,0,0,534
2020-05-06,12758,477,502,25,0,0,516
2020-05-07,13397,507,639,30,0,0,525
2020-05-08,13868,527,471,20,0,0,515
2020-05-09,14360,544,492,17,0,0,513
2020-05-10,14764,547,404,3,0,0,442
2020-05-11,15045,550,281,3,0,0,464
2020-05-12,15346,577,301,27,0,0,475
2020-05-13,15816,597,470,20,0,0,521
2020-05-14,16507,615,691,18,0,0,507
2020-05-15,17129,641,622,26,0,0,492
2020-05-16,17982,652,853,11,0,0,481
2020-05-17,18512,659,530,7,0,0,493
2020-05-18,19023,661,511,2,0,0,511
2020-05-19,19700,691,677,30,0,0,585
2020-05-20,20122,702,422,11,0,0,554
2020-05-21,20860,716,738,14,0,0,578
2020-05-22,21618,728,758,12,0,0,568
2020-05-23,22725,737,1107,9,0,0,589
2020-05-24,23222,744,497,7,0,0,587
2020-05-25,23964,754,742,10,0,0,627
2020-05-26,24140,766,176,12,0,0,621
2020-05-27,24628,794,488,28,0,0,702
2020-05-28,25412,827,784,33,0,0,708
2020-05-29,26488,859,1076,32,0,0,680
2020-05-30,27673,877,1185,18,0,0,638
2020-05-31,28589,886,916,9,0,0,649
2020-06-01,29263,898,674,12,0,0,650
2020-06-02,29889,921,626,23,0,0,716
2020-06-03,30777,939,888,18,0,0,684
2020-06-04,31966,960,1189,21,0,0,659
2020-06-05,33255,966,1289,6,0,0,717
2020-06-06,34625,992,1370,26,0,0,708
2020-06-07,35546,996,921,4,0,0,696
2020-06-08,36484,1006,938,10,0,0,739
2020-06-09,37160,1029,676,23,0,0,774
2020-06-10,38171,1053,1011,24,0,0,780
2020-06-11,39481,1064,1310,11,0,0,812
2020-06-12,41249,1092,1768,28,0,0,760
2020-06-13,42676,1104,1427,12,0,0,823
2020-06-14,44119,1109,1443,5,0,0,798
2020-06-15,45102,1118,983,9,0,0,797
2020-06-16,45853,1154,751,36,0,0,829
2020-06-17,46855,1168,1002,14,0,0,846
2020-06-18,48188,1175,1333,7,0,0,857
2020-06-19,49840,1197,1652,22,0,0,871
2020-06-20,51389,1212,1549,15,0,0,883
2020-06-21,52801,1220,1412,8,0,0,845
2020-06-22,53605,1223,804,3,0,0,870
2020-06-23,54453,1251,848,28,0,0,915
2020-06-24,56174,1266,1721,15,0,0,906
2020-06-25,57183,1284,1009,18,0,0,891
2020-06-26,58818,1303,1635,19,0,0,892
2020-06-27,60537,1312,1719,9,0,0,888
2020-06-28,62142,1322,1605,10,0,0,890
2020-06-29,63484,1325,1342,3,0,0,843
2020-06-30,64670,1343,1186,18,0,0,908
2020-07-01,66513,1373,1843,30,0,0,901
2020-07-02,68142,1391,1629,18,0,0,912
2020-07-03,70241,1392,2099,1,0,0,951
2020-07-04,71654,1395,1413,3,0,0,945
2020-07-05,72983,1396,1329,1,0,0,949
2020-07-06,74529,1398,1546,2,0,0,982
2020-07-07,75875,1420,1346,22,0,0,989
2020-07-08,77310,1441,1435,21,0,0,994
2020-07-09,79349,1461,2039,20,0,0,1034
2020-07-10,81331,1479,1982,18,0,0,1046
2020-07-11,83793,1499,2462,20,0,0,1093
2020-07-12,85701,1503,1908,4,0,0,1070
2020-07-13,87528,1510,1827,7,0,0,1040
2020-07-14,89484,1552,1956,42,0,0,1109
2020-07-15,91266,1568,1782,16,0,0,1142
2020-07-16,93426,1588,2160,20,0,0,1134
2020-07-17,95477,1606,2051,18,0,0,1180
2020-07-18,97958,1629,2481,23,0,0,1154
2020-07-19,99778,1634,1820,5,0,0,1115
2020-07-20,101046,1642,1268,8,0,0,1086
2020-07-21,102861,1668,1815,26,0,0,1179
2020-07-22,105001,1698,2140,30,0,0,1137
2020-07-23,106893,1726,1892,28,0,0,1188
2020-07-24,108995,1746,2102,20,0,0,1182
2020-07-25,111092,1778,2097,32,0,0,1168
2020-07-26,112713,1785,1621,7,0,0,1170
2020-07-27,114338,1790,1625,5,0,0,1169
2020-07-28,116087,1820,1749,30,0,0,1244
2020-07-29,117850,1865,1763,45,0,0,1291
2020-07-30,120194,1903,2344,38,0,0,1239
2020-07-31,122148,1924,1954,21,0,0,1229
2020-08-01,123878,1964,1730,40,0,0,1151
2020-08-02,125219,1969,1341,5,0,0,1142
2020-08-03,126532,1982,1313,13,0,0,1057
2020-08-04,128161,2010,1629,28,0,0,1166
2020-08-05,129288,2050,1127,40,0,0,1167
2020-08-06,131267,2092,1979,42,0,0,1147
2020-08-07,132812,2134,1545,42,0,0,1123
2020-08-08,134766,2160,1954,26,0,0,1129
2020-08-09,136218,2168,1452,8,0,0,1109
2020-08-10,136844,2172,626,4,0,0,1111
2020-08-11,137895,2204,1051,32,0,0,1122
2020-08-12,139061,2249,1166,45,0,0,1062
2020-08-13,140824,2287,1763,38,0,0,1070
2020-08-14,142170,2313,1346,26,0,0,1049
2020-08-15,143706,2343,1536,30,0,0,1032
2020-08-16,144952,2347,1246,4,0,0,934
2020-08-17,145516,2348,564,1,0,0,980
2020-08-18,146779,2396,1263,48,0,0,1026
2020-08-19,147932,2431,1153,35,0,0,1001
2020-08-20,149904,2465,1972,34,0,0,1023
2020-08-21,151912,2494,2008,29,0,0,1015
2020-08-22,153641,2521,1729,27,0,0,996
2020-08-23,155113,2531,1472,10,0,0,898
2020-08-24,156396,2535,1283,4,0,0,948
2020-08-25,157741,2570,1345,35,0,0,1000
2020-08-26,158985,2606,1244,36,0,0,1004
2020-08-27,161076,2630,2091,24,0,0,958
2020-08-28,162491,2652,1415,22,0,0,970
2020-08-29,165076,2683,2585,31,0,0,965
2020-08-30,166127,2692,1051,9,0,0,917
2020-08-31,167313,2702,1186,10,0,0,923
2020-09-01,169424,2741,2111,39,0,0,946
2020-09-02,170553,2779,1129,38,0,0,858
2020-09-03,172209,2803,1656,24,0,0,858
2020-09-04,174254,2839,2045,36,0,0,955
2020-09-05,175815,2889,1561,50,0,0,831
2020-09-06,176901,2890,1086,1,0,0,830
2020-09-07,177919,2897,1018,7,0,0,765
2020-09-08,178635,2909,716,12,0,0,827
2020-09-09,179532,2958,897,49,0,0,916
2020-09-10,180754,2990,1222,32,0,0,928
2020-09-11,182286,3023,1532,33,0,0,938
2020-09-12,183740,3047,1454,24,0,0,870
2020-09-13,184936,3052,1196,5,0,0,831
2020-09-14,185781,3060,845,8,0,0,895
2020-09-15,186887,3111,1106,51,0,0,916
2020-09-16,188024,3149,1137,38,0,0,918
2020-09-17,189576,3180,1552,31,0,0,894
2020-09-18,191019,3207,1443,27,0,0,904
2020-09-19,192248,3235,1229,28,0,0,882
2020-09-20,193581,3243,1333,8,0,0,889
2020-09-21,194381,3247,800,4,0,0,885
2020-09-22,195549,3286,1168,39,0,0,905
2020-09-23,196501,3316,952,30,0,0,912
2020-09-24,198189,3356,1688,40,0,0,902
2020-09-25,204331,3409,6142,53,0,0,903
2020-09-26,206090,3440,1759,31,0,0,914
2020-09-27,207380,3441,1290,1,0,0,917
2020-09-28,208248,3445,868,4,0,0,897
2020-09-29,209137,3494,889,49,0,0,950
2020-09-30,210632,3532,1495,38,0,0,956
2020-10-01,212909,3579,2277,47,0,0,939
2020-10-02,214684,3608,1775,29,0,0,921
2020-10-03,216886,3629,2202,21,0,0,921
2020-10-04,217496,3634,610,5,0,0,907
2020-10-05,219754,3637,2258,3,0,0,971
2020-10-06,221258,3670,1504,33,0,0,1013
2020-10-07,222969,3693,1711,23,0,0,1028
2020-10-08,225397,3722,2428,29,0,0,1051
2020-10-09,227431,3747,2034,25,0,0,1065
2020-10-10,229752,3765,2321,18,0,0,1034
2020-10-11,231471,3770,1719,5,0,0,1046
2020-10-12,232747,3773,1276,3,0,0,1109
2020-10-13,234481,3816,1734,43,0,0,1103
2020-10-14,236407,3856,1926,40,0,0,1152
2020-10-15,238939,3874,2532,18,0,0,1140
2020-10-16,241623,3910,2684,36,0,0,1148
2020-10-17,243725,3929,2102,19,0,0,1140
2020-10-18,246028,3934,2303,5,0,0,1129
2020-10-19,247172,3939,1144,5,0,0,1142
2020-10-20,248750,3992,1578,53,0,0,1203
2020-10-21,250592,4032,1842,40,0,0,1219
2020-10-22,252992,4082,2400,50,0,0,1205
2020-10-23,255708,4114,2716,32,0,0,1181
2020-10-24,258292,4144,2584,30,0,0,1182
2020-10-25,260099,4157,1807,13,0,0,1148
2020-10-26,261742,4170,1643,13,0,0,1193
2020-10-27,263883,4211,2141,41,0,0,1214
2020-10-28,266136,4245,2253,34,0,0,1193
2020-10-29,269021,4283,2885,38,0,0,1181
2020-10-30,271830,4332,2809,49,0,0,1196
2020-10-31,274635,4378,2805,46,0,0,1184
2020-11-01,276692,4383,2057,5,0,0,1122
2020-11-02,278028,4390,1336,7,0,0,1146
2020-11-03,280377,4457,2349,67,0,0,1175
2020-11-04,282802,4507,2425,50,0,0,1186
2020-11-05,285661,4548,2859,41,0,0,1193
2020-11-06,288569,4582,2908,34,0,0,1161
2020-11-07,291245,4605,2676,23,0,0,1196
2020-11-08,293339,4607,2094,2,0,0,1147
2020-11-09,294860,4615,1521,8,0,0,1169
2020-11-10,297442,4660,2582,45,0,0,1230
2020-11-11,300561,4698,3119,38,0,0,1246
2020-11-12,303454,4706,2893,8,0,0,1279
2020-11-13,305233,4720,1779,14,0,0,1423
2020-11-14,309118,4756,3885,36,0,0,1425
2020-11-15,312235,4806,3117,50,0,0,1395
2020-11-16,314207,4814,1972,8,0,0,1424
2020-11-17,317495,4852,3288,38,0,0,1501
2020-11-18,320862,4898,3367,46,0,0,1537
2020-11-19,325158,4936,4296,38,0,0,1538
2020-11-20,328846,4979,3688,43,0,0,1571
2020-11-21,332261,5005,3415,26,0,0,1590
2020-11-22,336775,5034,4514,29,0,0,1571
2020-11-23,339194,5039,2419,5,0,0,1601
2020-11-24,342294,5074,3100,35,0,0,1724
2020-11-25,346506,5138,4212,64,0,0,1811
2020-11-26,346506,5138,0,0,0,0,1811
2020-11-27,354514,5210,8008,72,0,0,1780
2020-11-28,357958,5219,3444,9,0,0,1840
2020-11-29,361778,5240,3820,21,0,0,1885
2020-11-30,364512,5261,2734,21,0,0,1966
2020-12-01,367395,5284,2883,23,0,0,2033
2020-12-02,371594,5366,4199,82,0,0,2039
2020-12-03,377231,5410,5637,44,0,0,2101
2020-12-04,382534,5467,5303,57,0,0,2157
2020-12-05,388552,5516,6018,49,0,0,2171
2020-12-06,394990,5543,6438,27,0,0,2191
2020-12-07,399362,5560,4372,17,0,0,2240
2020-12-08,404032,5605,4670,45,0,0,2373
2020-12-09,410527,5661,6495,56,0,0,2440
2020-12-10,416083,5714,5556,53,0,0,2444
2020-12-11,423623,5752,7540,38,0,0,2514
2020-12-12,429776,5796,6153,44,0,0,2577
2020-12-13,436595,5823,6819,27,0,0,2520
2020-12-14,441365,5855,4770,32,0,0,2553
2020-12-15,446601,5881,5236,26,0,0,2735
2020-12-16,451874,5979,5273,98,0,0,2811
2020-12-17,457660,6065,5786,86,0,0,2804
2020-12-18,466104,6125,8444,60,0,0,2824
2020-12-19,472268,6184,6164,59,0,0,2846
2020-12-20,479168,6224,6900,40,0,0,2748
