"date","positive","death","positiveIncrease","deathIncrease","hospitalized","hospitalizedIncrease","hospitalizedCurrently"
2020-03-04,0,0,0,0,0,0,0
2020-03-05,0,0,0,0,0,0,0
2020-03-06,0,0,0,0,0,0,0
2020-03-07,2,0,2,0,0,0,0
2020-03-08,2,0,0,0,0,0,0
2020-03-09,7,0,5,0,0,0,0
2020-03-10,7,0,0,0,0,0,0
2020-03-11,9,0,2,0,0,0,0
2020-03-12,10,0,1,0,0,0,0
2020-03-13,12,0,2,0,0,0,0
2020-03-14,13,0,1,0,0,0,0
2020-03-15,19,0,6,0,0,0,0
2020-03-16,28,1,9,1,0,0,0
2020-03-17,33,1,5,0,0,0,0
2020-03-18,60,1,27,0,0,0,0
2020-03-19,60,1,0,0,0,0,0
2020-03-20,81,1,21,0,0,0,0
2020-03-21,152,1,71,0,0,0,0
2020-03-22,195,3,43,2,0,0,0
2020-03-23,298,5,103,2,0,0,0
2020-03-24,298,5,0,0,0,0,0
2020-03-25,424,7,126,2,102,102,0
2020-03-26,456,9,32,2,102,0,0
2020-03-27,456,9,0,0,102,0,0
2020-03-28,539,13,83,4,102,0,0
2020-03-29,774,16,235,3,102,0,0
2020-03-30,925,18,151,2,102,0,0
2020-03-31,1083,22,158,4,102,0,0
2020-04-01,1293,26,210,4,102,0,0
2020-04-02,1554,31,261,5,241,139,0
2020-04-03,1554,31,0,0,241,0,0
2020-04-04,1917,40,363,9,241,0,0
2020-04-05,2049,44,132,4,241,0,0
2020-04-06,2049,44,0,0,241,0,0
2020-04-07,2417,51,368,7,241,0,0
2020-04-08,2552,63,135,12,241,0,0
2020-04-09,2792,67,240,4,241,0,0
2020-04-10,3065,72,273,5,496,255,0
2020-04-11,3207,80,142,8,496,0,0
2020-04-12,3319,82,112,2,496,0,0
2020-04-13,3319,82,0,0,496,0,0
2020-04-14,3553,97,234,15,675,179,0
2020-04-15,3656,107,103,10,675,0,0
2020-04-16,3656,107,0,0,675,0,0
2020-04-17,3931,109,275,2,675,0,0
2020-04-18,4246,119,315,10,776,101,0
2020-04-19,4377,120,131,1,776,0,0
2020-04-20,4377,120,0,0,776,0,0
2020-04-21,4439,124,62,4,776,0,0
2020-04-22,4761,140,322,16,837,61,0
2020-04-23,4917,150,156,10,837,0,0
2020-04-24,4917,150,0,0,837,0,0
2020-04-25,5253,166,336,16,944,107,0
2020-04-26,5490,174,237,8,944,0,0
2020-04-27,5490,174,0,0,944,0,0
2020-04-28,5613,177,123,3,944,0,0
2020-04-29,5881,203,268,26,1000,56,0
2020-04-30,6095,244,214,41,1000,0,0
2020-05-01,6258,256,163,12,1110,110,0
2020-05-02,6489,267,231,11,1110,0,0
2020-05-03,6626,275,137,8,1110,0,0
2020-05-04,6626,275,0,0,1110,0,0
2020-05-05,6757,283,131,8,1110,0,0
2020-05-06,6936,305,179,22,1152,42,0
2020-05-07,6936,305,0,0,1152,0,0
2020-05-08,7142,316,206,11,1152,0,0
2020-05-09,7531,330,389,14,1252,100,0
2020-05-10,7653,331,122,1,1252,0,0
2020-05-11,7653,331,0,0,1252,0,0
2020-05-12,7927,355,274,24,1338,86,0
2020-05-13,7927,355,0,0,1338,0,0
2020-05-14,8189,371,262,16,1338,0,0
2020-05-15,8407,380,218,9,1421,83,0
2020-05-16,8407,380,0,0,1421,0,0
2020-05-17,8816,380,409,0,1421,0,0
2020-05-18,8942,391,126,11,1421,0,0
2020-05-19,9056,399,114,8,1444,23,0
2020-05-20,9056,399,0,0,1444,0,0
2020-05-21,9175,407,119,8,1444,0,414
2020-05-22,9638,419,463,12,1534,90,429
2020-05-23,9895,425,257,6,1534,0,430
2020-05-24,10096,435,201,10,1534,0,461
2020-05-25,10178,440,82,5,1534,0,407
2020-05-26,10416,446,238,6,1618,84,433
2020-05-27,10623,466,207,20,1618,0,398
2020-05-28,10788,470,165,4,1618,0,397
2020-05-29,11131,483,343,13,1634,16,399
2020-05-30,11394,487,263,4,1634,0,387
2020-05-31,11861,494,467,7,1634,0,402
2020-06-01,12148,500,287,6,1634,0,450
2020-06-02,12415,501,267,1,1789,155,425
2020-06-03,12651,518,236,17,1789,0,433
2020-06-04,13005,525,354,7,1789,0,453
2020-06-05,13453,538,448,13,1814,25,453
2020-06-06,13916,545,463,7,1814,0,453
2020-06-07,14286,546,370,1,1814,0,477
2020-06-08,14800,557,514,11,1814,0,507
2020-06-09,15228,568,428,11,1898,84,541
2020-06-10,15759,575,531,7,1898,0,513
2020-06-11,16441,588,682,13,1898,0,494
2020-06-12,17170,593,729,5,1988,90,512
2020-06-13,17955,599,785,6,1988,0,523
2020-06-14,18795,600,840,1,1988,0,521
2020-06-15,19378,602,583,2,1988,0,536
2020-06-16,19990,607,612,5,2055,67,571
2020-06-17,20556,617,566,10,2055,0,607
2020-06-18,21548,621,992,4,2055,0,626
2020-06-19,22631,639,1083,18,2294,239,660
2020-06-20,23786,644,1155,5,2294,0,673
2020-06-21,24693,653,907,9,2294,0,692
2020-06-22,25701,659,1008,6,2294,0,731
2020-06-23,26613,673,912,14,2377,83,824
2020-06-24,27897,683,1284,10,2377,0,832
2020-06-25,29022,693,1125,10,2377,0,881
2020-06-26,30335,694,1313,1,2622,245,906
2020-06-27,31939,711,1604,17,2622,0,908
2020-06-28,33320,716,1381,5,2622,0,954
2020-06-29,34644,720,1324,4,2622,0,1032
2020-06-30,36399,739,1755,19,2854,232,1021
2020-07-01,37919,766,1520,27,2854,0,1160
2020-07-02,39701,784,1782,18,2854,0,1125
2020-07-03,41532,793,1831,9,2882,28,1148
2020-07-04,43386,813,1854,20,2882,0,1190
2020-07-05,44847,820,1461,7,2882,0,1251
2020-07-06,46380,827,1533,7,2882,0,1260
2020-07-07,47352,846,972,19,3090,208,1324
2020-07-08,48909,884,1557,38,3090,0,1404
2020-07-09,50691,905,1782,21,3090,0,1433
2020-07-10,52419,929,1728,24,3398,308,1438
2020-07-11,54699,951,2280,22,3398,0,1396
2020-07-12,56648,961,1949,10,3398,0,1472
2020-07-13,58168,972,1520,11,3398,0,1488
2020-07-14,60389,993,2221,21,3744,346,1550
2020-07-15,62245,998,1856,5,3744,0,1560
2020-07-16,64083,1070,1838,72,3744,0,1578
2020-07-17,66060,1096,1977,26,4182,438,1593
2020-07-18,67612,1135,1552,39,4182,0,1593
2020-07-19,69986,1155,2374,20,4182,0,1593
2020-07-20,71445,1164,1459,9,4182,0,1593
2020-07-21,73337,1221,1892,57,4498,316,1593
2020-07-22,75042,1285,1705,64,4498,0,1607
2020-07-23,76606,1334,1564,49,4498,0,1723
2020-07-24,78607,1385,2001,51,4827,329,1668
2020-07-25,80008,1465,1401,80,4827,0,1668
2020-07-26,81199,1491,1191,26,4827,0,1668
2020-07-27,82417,1506,1218,15,4827,0,1668
2020-07-28,84109,1565,1692,59,5117,290,1575
2020-07-29,85846,1615,1737,50,5117,0,1596
2020-07-30,87572,1667,1726,52,5117,0,1563
2020-07-31,89016,1712,1444,45,5117,0,1516
2020-08-01,90599,1751,1583,39,5527,410,1453
2020-08-02,91788,1777,1189,26,5527,0,1427
2020-08-03,92951,1793,1163,16,5527,0,1401
2020-08-04,94190,1847,1239,54,5799,272,1458
2020-08-05,95472,1894,1282,47,5799,0,1469
2020-08-06,96797,1943,1325,49,5799,0,1492
2020-08-07,98219,1962,1422,19,6153,354,1415
2020-08-08,99460,2007,1241,45,6153,0,1402
2020-08-09,100435,2031,975,24,6153,0,1378
2020-08-10,101159,2049,724,18,6153,0,1353
2020-08-11,102130,2098,971,49,6482,329,1330
2020-08-12,102974,2144,844,46,6482,0,1366
2020-08-13,103909,2186,935,42,6482,0,1322
2020-08-14,104841,2204,932,18,6852,370,1296
2020-08-15,105882,2260,1041,56,6852,0,1246
2020-08-16,106497,2269,615,9,6852,0,1161
2020-08-17,106953,2288,456,19,6852,0,1101
2020-08-18,107672,2343,719,55,7146,294,1116
2020-08-19,108411,2360,739,17,7146,0,1168
2020-08-20,109320,2401,909,41,7146,0,1108
2020-08-21,110378,2459,1058,58,7439,293,1079
2020-08-22,111295,2493,917,34,7439,0,1025
2020-08-23,111988,2504,693,11,7439,0,1026
2020-08-24,112551,2511,563,7,7439,0,979
2020-08-25,113488,2529,937,18,7598,159,1025
2020-08-26,114093,2573,605,44,7598,0,1058
2020-08-27,114598,2628,505,55,7598,0,1006
2020-08-28,115951,2655,1353,27,7598,0,979
2020-08-29,117249,2698,1298,43,7765,167,945
2020-08-30,118324,2709,1075,11,7782,17,956
2020-08-31,118992,2720,668,11,7811,29,934
2020-09-01,119846,2757,854,37,7870,59,894
2020-09-02,120503,2794,657,37,7948,78,892
2020-09-03,121696,2807,1193,13,8006,58,911
2020-09-04,123325,2846,1629,39,8073,67,910
2020-09-05,124289,2877,964,31,8133,60,845
2020-09-06,124952,2887,663,10,8144,11,787
2020-09-07,125607,2907,655,20,8171,27,787
2020-09-08,125908,2912,301,5,8182,11,766
2020-09-09,126213,2942,305,30,8236,54,801
2020-09-10,126592,2975,379,33,8295,59,852
2020-09-11,129046,3028,2454,53,8353,58,806
2020-09-12,129978,3040,932,12,8402,49,806
2020-09-13,131864,3064,1886,24,8426,24,752
2020-09-14,132680,3077,816,13,8448,22,733
2020-09-15,133470,3098,790,21,8502,54,745
2020-09-16,134122,3132,652,34,8552,50,784
2020-09-17,135446,3158,1324,26,8611,59,733
2020-09-18,136318,3177,872,19,8669,58,798
2020-09-19,137240,3188,922,11,8708,39,826
2020-09-20,137708,3199,468,11,8738,30,733
2020-09-21,138124,3212,416,13,8779,41,764
2020-09-22,140789,3243,2665,31,8851,72,768
2020-09-23,141686,3262,897,19,8906,55,786
2020-09-24,142707,3279,1021,17,8945,39,804
2020-09-25,143902,3297,1195,18,8994,49,773
2020-09-26,145273,3323,1371,26,9028,34,727
2020-09-27,145887,3326,614,3,9043,15,734
2020-09-28,146455,3337,568,11,9065,22,753
2020-09-29,147634,3359,1179,22,9105,40,690
2020-09-30,147942,3378,308,19,9160,55,729
2020-10-01,148323,3400,381,22,9160,0,709
2020-10-02,149185,3409,862,9,9216,56,679
2020-10-03,150891,3442,1706,33,9216,0,686
2020-10-04,151582,3453,691,11,9259,43,599
2020-10-05,152159,3456,577,3,9283,24,593
2020-10-06,152970,3471,811,15,9331,48,655
2020-10-07,153705,3502,735,31,9392,61,707
2020-10-08,154755,3514,1050,12,9475,83,716
2020-10-09,155676,3530,921,16,9519,44,748
2020-10-10,156621,3551,945,21,9561,42,728
2020-10-11,157406,3552,785,1,9578,17,685
2020-10-12,158055,3559,649,7,9600,22,684
2020-10-13,158883,3576,828,17,9654,54,745
2020-10-14,159809,3593,926,17,9735,81,792
2020-10-15,161106,3607,1297,14,9798,63,762
2020-10-16,162253,3615,1147,8,9854,56,769
2020-10-17,163214,3637,961,22,9917,63,759
2020-10-18,163990,3650,776,13,9939,22,716
2020-10-19,164609,3661,619,11,9959,20,697
2020-10-20,165493,3696,884,35,10028,69,697
2020-10-21,166357,3708,864,12,10062,34,743
2020-10-22,167485,3755,1128,47,10102,40,766
2020-10-23,168549,3777,1064,22,10161,59,718
2020-10-24,169341,3793,792,16,10212,51,743
2020-10-25,170678,3802,1337,9,10224,12,725
2020-10-26,171501,3823,823,21,10236,12,737
2020-10-27,172579,3842,1078,19,10286,50,746
2020-10-28,173491,3876,912,34,10345,59,810
2020-10-29,174591,3889,1100,13,10404,59,800
2020-10-30,175594,3896,1003,7,10452,48,777
2020-10-31,176612,3935,1018,39,10500,48,789
2020-11-01,178023,3936,1411,1,10514,14,773
2020-11-02,178917,3946,894,10,10533,19,749
2020-11-03,179952,3968,1035,22,10599,66,737
2020-11-04,180870,3985,918,17,10656,57,783
2020-11-05,181639,3992,769,7,10726,70,755
2020-11-06,182872,4005,1233,13,10776,50,767
2020-11-07,184742,4015,1870,10,10834,58,740
2020-11-08,185688,4036,946,21,10854,20,718
2020-11-09,186391,4041,703,5,10884,30,746
2020-11-10,187738,4062,1347,21,10966,82,784
2020-11-11,188995,4076,1257,14,11024,58,780
2020-11-12,190490,4084,1495,8,11084,60,810
2020-11-13,192101,4101,1611,17,11147,63,775
2020-11-14,194014,4110,1913,9,11182,35,781
2020-11-15,195507,4112,1493,2,11211,29,752
2020-11-16,196617,4143,1110,31,11233,22,769
2020-11-17,197900,4156,1283,13,11295,62,800
2020-11-18,199447,4182,1547,26,11349,54,830
2020-11-19,201160,4201,1713,19,11402,53,815
2020-11-20,203161,4231,2001,30,11455,53,808
2020-11-21,205018,4274,1857,43,11495,40,816
2020-11-22,206295,4283,1277,9,11530,35,809
2020-11-23,207552,4288,1257,5,11563,33,844
2020-11-24,209230,4313,1678,25,11655,92,873
2020-11-25,210905,4317,1675,4,11737,82,940
2020-11-26,210905,4317,0,0,11737,0,940
2020-11-27,213120,4346,2215,29,11794,57,884
2020-11-28,214911,4346,1791,0,11802,8,879
2020-11-29,216129,4353,1218,7,11857,55,879
2020-11-30,217487,4381,1358,28,11877,20,925
2020-12-01,218912,4404,1425,23,11910,33,980
2020-12-02,220835,4444,1923,40,12023,113,911
2020-12-03,223063,4466,2228,22,12126,103,1046
2020-12-04,226013,4496,2950,30,12223,97,1047
2020-12-05,229235,4517,3222,21,12305,82,1029
2020-12-06,232099,4566,2864,49,12380,75,1025
2020-12-07,234652,4579,2553,13,12415,35,1025
2020-12-08,236954,4585,2302,6,12446,31,1179
2020-12-09,239444,4612,2490,27,12527,81,1217
2020-12-10,241686,4627,2242,15,12618,91,1232
2020-12-11,245226,4673,3540,46,12725,107,1234
2020-12-12,248798,4685,3572,12,12725,0,1250
2020-12-13,252206,4739,3408,54,12874,149,1278
2020-12-14,254776,4751,2570,12,12910,36,1276
2020-12-15,257320,4756,2544,5,12960,50,1046
2020-12-16,260119,4800,2799,44,13070,110,1046
2020-12-17,262774,4843,2655,43,13179,109,1524
2020-12-18,267076,4872,4302,29,13267,88,1460
2020-12-19,270537,4895,3461,23,13367,100,1461
2020-12-20,273406,4935,2869,40,13444,77,1471
