"date","positive","death","positiveIncrease","deathIncrease","hospitalized","hospitalizedIncrease","hospitalizedCurrently"
2020-03-03,0,0,0,0,0,0,0
2020-03-04,0,0,0,0,0,0,0
2020-03-05,0,0,0,0,0,0,0
2020-03-06,5,0,5,0,0,0,0
2020-03-07,5,0,0,0,0,0,0
2020-03-08,5,0,0,0,0,0,0
2020-03-09,12,0,7,0,0,0,0
2020-03-10,15,0,3,0,0,0,0
2020-03-11,18,0,3,0,0,0,0
2020-03-12,22,0,4,0,0,0,0
2020-03-13,22,0,0,0,0,0,0
2020-03-14,22,0,0,0,0,0,0
2020-03-15,56,0,34,0,0,0,0
2020-03-16,56,0,0,0,0,0,0
2020-03-17,63,1,7,1,0,0,0
2020-03-18,82,2,19,1,0,0,0
2020-03-19,108,3,26,1,0,0,0
2020-03-20,175,5,67,2,0,0,0
2020-03-21,235,5,60,0,0,0,0
2020-03-22,263,5,28,0,0,0,0
2020-03-23,287,8,24,3,0,0,0
2020-03-24,712,9,425,1,0,0,0
2020-03-25,975,12,263,3,0,0,0
2020-03-26,1394,18,419,6,0,0,0
2020-03-27,1731,23,337,5,0,0,0
2020-03-28,2048,27,317,4,0,0,0
2020-03-29,2552,34,504,7,0,0,0
2020-03-30,2874,34,322,0,0,0,0
2020-03-31,3266,41,392,7,0,0,196
2020-04-01,3996,58,730,17,0,0,196
2020-04-02,4665,70,669,12,0,0,196
2020-04-03,5324,90,659,20,0,0,196
2020-04-04,6112,105,788,15,0,0,196
2020-04-05,6793,127,681,22,0,0,827
2020-04-06,7273,140,480,13,0,0,1153
2020-04-07,8261,154,988,14,0,0,1252
2020-04-08,9353,177,1092,23,0,0,1491
2020-04-09,10230,199,877,22,0,0,1439
2020-04-10,11671,226,1441,27,0,0,1532
2020-04-11,12561,254,890,28,0,0,1514
2020-04-12,13484,271,923,17,0,0,1338
2020-04-13,13906,287,422,16,0,0,1176
2020-04-14,14624,318,718,31,0,0,1409
2020-04-15,15492,364,868,46,0,0,1538
2020-04-16,16455,393,963,29,0,0,1459
2020-04-17,17371,428,916,35,0,0,1522
2020-04-18,18260,453,889,25,0,0,1321
2020-04-19,18923,477,663,24,0,0,1471
2020-04-20,19458,495,535,18,0,0,1411
2020-04-21,20196,517,738,22,0,0,1419
2020-04-22,21069,543,873,26,0,0,1678
2020-04-23,21944,561,875,18,0,0,1649
2020-04-24,22806,593,862,32,0,0,1674
2020-04-25,23773,623,967,30,0,0,1597
2020-04-26,24631,648,858,25,0,0,1542
2020-04-27,25297,663,666,15,0,0,1563
2020-04-28,26171,690,874,27,0,0,1682
2020-04-29,27054,732,883,42,0,0,1702
2020-04-30,28087,782,1033,50,0,0,1686
2020-05-01,29229,816,1142,34,0,0,1778
2020-05-02,30522,847,1293,31,0,0,1725
2020-05-03,31548,867,1026,20,0,0,1540
2020-05-04,32332,884,784,17,0,0,1533
2020-05-05,33369,906,1037,22,0,0,1888
2020-05-06,34422,948,1053,42,0,0,1812
2020-05-07,35390,973,968,25,0,0,1750
2020-05-08,36609,1004,1219,31,0,0,1734
2020-05-09,37860,1049,1251,45,0,0,1735
2020-05-10,38869,1088,1009,39,0,0,1626
2020-05-11,39869,1100,1000,12,0,0,1525
2020-05-12,41048,1133,1179,33,0,0,1725
2020-05-13,42403,1158,1355,25,0,0,1676
2020-05-14,43851,1216,1448,58,0,0,1648
2020-05-15,45198,1272,1347,56,0,0,1716
2020-05-16,46999,1305,1801,33,0,0,1791
2020-05-17,47784,1336,785,31,0,0,1512
2020-05-18,48693,1347,909,11,0,0,1551
2020-05-19,49912,1369,1219,22,0,0,1732
2020-05-20,51323,1419,1411,50,0,0,1791
2020-05-21,52268,1440,945,21,0,0,1680
2020-05-22,53449,1480,1181,40,0,0,1578
2020-05-23,54509,1506,1060,26,0,0,1688
2020-05-24,55348,1506,839,0,0,0,1572
2020-05-25,55971,1527,623,21,0,0,1511
2020-05-26,56560,1536,589,9,0,0,1534
2020-05-27,57921,1562,1361,26,0,0,1645
2020-05-28,59776,1601,1855,39,0,0,1692
2020-05-29,61006,1626,1230,25,0,0,1701
2020-05-30,62338,1626,1332,0,0,0,1752
2020-05-31,64287,1672,1949,46,0,0,1684
2020-06-01,64880,1678,593,6,0,0,1756
2020-06-02,66568,1698,1688,20,0,0,1773
2020-06-03,68271,1734,1703,36,0,0,1487
2020-06-04,69920,1767,1649,33,0,0,1796
2020-06-05,71613,1788,1693,21,0,0,1855
2020-06-06,73553,1819,1940,31,0,0,1822
2020-06-07,74978,1830,1425,11,0,0,1878
2020-06-08,75616,1830,638,0,0,0,1935
2020-06-09,77253,1853,1637,23,0,0,2056
2020-06-10,79757,1885,2504,32,0,0,2153
2020-06-11,81583,1920,1826,35,0,0,2008
2020-06-12,83680,1939,2097,19,0,0,2166
2020-06-13,86011,1957,2331,18,0,0,2242
2020-06-14,87854,1976,1843,19,0,0,2287
2020-06-15,89108,1983,1254,7,0,0,2326
2020-06-16,93206,2029,4098,46,0,0,2518
2020-06-17,96335,2062,3129,33,0,0,2793
2020-06-18,99851,2105,3516,43,0,0,2947
2020-06-19,103305,2140,3454,35,0,0,3148
2020-06-20,107735,2165,4430,25,0,0,3247
2020-06-21,111601,2182,3866,17,0,0,3409
2020-06-22,114881,2192,3280,10,0,0,3711
2020-06-23,120370,2220,5489,28,0,0,4092
2020-06-24,125921,2249,5551,29,0,0,4389
2020-06-25,131917,2296,5996,47,0,0,4739
2020-06-26,137624,2324,5707,28,0,0,5102
2020-06-27,143366,2366,5742,42,0,0,5523
2020-06-28,148723,2393,5357,27,0,0,5497
2020-06-29,153011,2403,4288,10,0,0,5913
2020-06-30,159986,2424,6975,21,0,0,6533
2020-07-01,168062,2481,8076,57,0,0,6904
2020-07-02,175977,2525,7915,44,0,0,7382
2020-07-03,183532,2575,7555,50,0,0,7652
2020-07-04,191790,2608,8258,33,0,0,7890
2020-07-05,195239,2637,3449,29,0,0,8181
2020-07-06,200557,2655,5318,18,0,0,8698
2020-07-07,210585,2715,10028,60,0,0,9286
2020-07-08,220564,2813,9979,98,0,0,9610
2020-07-09,230346,2918,9782,105,0,0,9689
2020-07-10,240111,3013,9765,95,0,0,10002
2020-07-11,250462,3112,10351,99,0,0,10083
2020-07-12,258658,3192,8196,80,0,0,10410
2020-07-13,264313,3235,5655,43,0,0,10405
2020-07-14,271574,3322,7261,87,0,0,10569
2020-07-15,282365,3432,10791,110,0,0,10471
2020-07-16,292656,3561,10291,129,0,0,10457
2020-07-17,307572,3735,14916,174,0,0,10632
2020-07-18,317730,3865,10158,130,0,0,10658
2020-07-19,325030,3958,7300,93,0,0,10592
2020-07-20,332434,4020,7404,62,0,0,10569
2020-07-21,341739,4151,9305,131,0,0,10848
2020-07-22,351618,4348,9879,197,0,0,10893
2020-07-23,361125,4521,9507,173,0,0,10893
2020-07-24,369826,4717,8701,196,0,0,10893
2020-07-25,375846,4885,6020,168,0,0,10893
2020-07-26,381656,5038,5810,153,0,0,10893
2020-07-27,385923,5713,4267,675,0,0,10893
2020-07-28,394265,5877,8342,164,0,0,9593
2020-07-29,403307,6190,9042,313,0,0,9595
2020-07-30,412107,6274,8800,84,0,0,9296
2020-07-31,420946,6569,8839,295,0,0,9336
2020-08-01,430485,6837,9539,268,0,0,8969
2020-08-02,436711,6837,6226,0,0,0,8969
2020-08-03,442014,7016,5303,179,0,0,8819
2020-08-04,451181,7261,9167,245,0,0,8674
2020-08-05,459887,7497,8706,236,0,0,8455
2020-08-06,467485,7803,7598,306,0,0,8302
2020-08-07,474524,8096,7039,293,0,0,8065
2020-08-08,481483,8343,6959,247,0,0,7872
2020-08-09,486362,8459,4879,116,0,0,7437
2020-08-10,490817,8490,4455,31,0,0,7304
2020-08-11,500620,8710,9803,220,0,0,7216
2020-08-12,506820,9034,6200,324,0,0,7028
2020-08-13,513575,9289,6755,255,0,0,6879
2020-08-14,520593,9602,7018,313,0,0,6632
2020-08-15,528838,9840,8245,238,0,0,6481
2020-08-16,535042,9983,6204,143,0,0,6267
2020-08-17,542950,10034,7908,51,0,0,6200
2020-08-18,550232,10250,7282,216,0,0,6210
2020-08-19,557256,10559,7024,309,0,0,5974
2020-08-20,562559,10793,5303,234,0,0,5635
2020-08-21,567580,11051,5021,258,0,0,5566
2020-08-22,573139,11266,5559,215,0,0,5274
2020-08-23,577537,11370,4398,104,0,0,5186
2020-08-24,580384,11395,2847,25,0,0,5019
2020-08-25,586730,11576,6346,181,0,0,4907
2020-08-26,592137,11805,5407,229,0,0,4806
2020-08-27,597737,12070,5600,265,0,0,4489
2020-08-28,601768,12266,4031,196,0,0,4422
2020-08-29,606530,12420,4762,154,0,0,4273
2020-08-30,610354,12510,3824,90,0,0,4172
2020-08-31,612969,12536,2615,26,0,0,4203
2020-09-01,617333,12681,4364,145,0,0,4144
2020-09-02,621667,12870,4334,189,0,0,4149
2020-09-03,625347,13091,3680,221,0,0,4075
2020-09-04,630829,13231,5482,140,0,0,3889
2020-09-05,635315,13408,4486,177,0,0,3973
2020-09-06,638310,13472,2995,64,0,0,3715
2020-09-07,640370,13492,2060,20,0,0,3537
2020-09-08,641791,13553,1421,61,0,0,3701
2020-09-09,645791,13692,4000,139,0,0,3604
2020-09-10,649809,13853,4018,161,0,0,3575
2020-09-11,653356,13997,3547,144,0,0,3465
2020-09-12,657589,14143,4233,146,0,0,3371
2020-09-13,659434,14190,1845,47,0,0,3319
2020-09-14,663404,14211,3970,21,0,0,3391
2020-09-15,668746,14343,5342,132,0,0,3311
2020-09-16,674772,14478,6026,135,0,0,3249
2020-09-17,678819,14590,4047,112,0,0,3246
2020-09-18,682241,14713,3422,123,0,0,3172
2020-09-19,686068,14848,3827,135,0,0,3124
2020-09-20,688534,14893,2466,45,0,0,3081
2020-09-21,698387,14917,9853,24,0,0,3132
2020-09-22,716207,14994,17820,77,0,0,3207
2020-09-23,719599,15129,3392,135,0,0,3195
2020-09-24,723919,15267,4320,138,0,0,3204
2020-09-25,728552,15364,4633,97,0,0,3221
2020-09-26,733438,15485,4886,121,0,0,3209
2020-09-27,735132,15522,1694,37,0,0,3217
2020-09-28,739222,15533,4090,11,0,0,3201
2020-09-29,743284,15604,4062,71,0,0,3251
2020-09-30,748967,15711,5683,107,0,0,3344
2020-10-01,752501,15823,3534,112,0,0,3190
2020-10-02,756004,15895,3503,72,0,0,3227
2020-10-03,763010,15992,7006,97,0,0,3195
2020-10-04,765894,16025,2884,33,0,0,3192
2020-10-05,769303,16033,3409,8,0,0,3318
2020-10-06,773435,16111,4132,78,0,0,3394
2020-10-07,777556,16230,4121,119,0,0,3519
2020-10-08,781794,16334,4238,104,0,0,3556
2020-10-09,785830,16432,4036,98,0,0,3593
2020-10-10,790060,16526,4230,94,0,0,3628
2020-10-11,792478,16557,2418,31,0,0,3622
2020-10-12,795126,16558,2648,1,0,0,3870
2020-10-13,800256,16622,5130,64,0,0,4053
2020-10-14,805082,16717,4826,95,0,0,4131
2020-10-15,809808,16812,4726,95,0,0,4263
2020-10-16,815678,16903,5870,91,0,0,4248
2020-10-17,820563,16984,4885,81,0,0,4275
2020-10-18,823779,17014,3216,30,0,0,4226
2020-10-19,825673,17022,1894,8,0,0,4319
2020-10-20,833557,17087,7884,65,0,0,4588
2020-10-21,838809,17201,5252,114,0,0,4782
2020-10-22,845100,17286,6291,85,0,0,4931
2020-10-23,851572,17375,6472,89,0,0,5065
2020-10-24,858071,17456,6499,81,0,0,4995
2020-10-25,862375,17504,4304,48,0,0,5206
2020-10-26,867075,17514,4700,10,0,0,5278
2020-10-27,874367,17595,7292,81,0,0,5512
2020-10-28,879994,17700,5627,105,0,0,5650
2020-10-29,886820,17819,6826,119,0,0,5587
2020-10-30,893451,17934,6631,115,0,0,5627
2020-10-31,900596,18024,7145,90,0,0,5696
2020-11-01,972330,18077,71734,53,0,0,5691
2020-11-02,977785,18097,5455,20,0,0,5770
2020-11-03,988450,18194,10665,97,0,0,5936
2020-11-04,998267,18320,9817,126,0,0,5872
2020-11-05,1008438,18453,10171,133,0,0,5954
2020-11-06,1017677,18589,9239,136,0,0,6070
2020-11-07,1027237,18700,9560,111,0,0,6068
2020-11-08,1034115,18743,6878,43,0,0,6080
2020-11-09,1038964,18769,4849,26,0,0,6103
2020-11-10,1051899,18863,12935,94,0,0,6170
2020-11-11,1065065,19004,13166,141,0,0,6779
2020-11-12,1075654,19147,10589,143,0,0,6925
2020-11-13,1089078,19320,13424,173,0,0,7083
2020-11-14,1100479,19470,11401,150,0,0,7151
2020-11-15,1108402,19559,7923,89,0,0,7274
2020-11-16,1116230,19579,7828,20,0,0,7468
2020-11-17,1129874,19696,13644,117,0,0,7841
2020-11-18,1140861,19883,10987,187,0,0,7958
2020-11-19,1155130,20113,14269,230,0,0,7982
2020-11-20,1168925,20296,13795,183,0,0,8164
2020-11-21,1183847,20467,14922,171,0,0,8245
2020-11-22,1193616,20556,9769,89,0,0,8174
2020-11-23,1201257,20588,7641,32,0,0,8353
2020-11-24,1217837,20750,16580,162,0,0,8495
2020-11-25,1236648,20950,18811,200,0,0,8585
2020-11-26,1251345,21156,14697,206,0,0,8706
2020-11-27,1255332,21207,3987,51,0,0,8518
2020-11-28,1259657,21309,4325,102,0,0,8597
2020-11-29,1266707,21357,7050,48,0,0,8634
2020-11-30,1278432,21379,11725,22,0,0,8900
2020-12-01,1296972,21549,18540,170,0,0,9047
2020-12-02,1316194,21756,19222,207,0,0,9109
2020-12-03,1333746,22000,17552,244,0,0,9151
2020-12-04,1350542,22255,16796,255,0,0,9015
2020-12-05,1364933,22502,14391,247,0,0,8916
2020-12-06,1375313,22594,10380,92,0,0,8681
2020-12-07,1384804,22627,9491,33,0,0,8790
2020-12-08,1404646,22808,19842,181,0,0,9028
2020-12-09,1418252,23081,13606,273,0,0,9053
2020-12-10,1433551,23325,15299,244,0,0,9045
2020-12-11,1448002,23551,14451,226,0,0,9109
2020-12-12,1464362,23800,16360,249,0,0,9192
2020-12-13,1472711,23911,8349,111,0,0,9230
2020-12-14,1481612,23937,8901,26,0,0,9304
2020-12-15,1500538,24142,18926,205,0,0,9472
2020-12-16,1519340,24394,18802,252,0,0,9528
2020-12-17,1539189,24660,19849,266,0,0,9628
2020-12-18,1555981,24954,16792,294,0,0,9709
2020-12-19,1573888,25226,17907,272,0,0,9796
2020-12-20,1581668,25348,7780,122,0,0,9856
