"date","positive","death","positiveIncrease","deathIncrease","hospitalized","hospitalizedIncrease","hospitalizedCurrently"
2020-03-16,5,0,0,0,0,0,0
2020-03-17,5,0,0,0,0,0,0
2020-03-18,5,0,0,0,0,0,0
2020-03-19,5,0,0,0,0,0,0
2020-03-20,14,0,9,0,0,0,0
2020-03-21,21,0,7,0,0,0,0
2020-03-22,23,1,2,1,0,0,0
2020-03-23,31,2,8,1,0,0,0
2020-03-24,39,2,8,0,0,0,0
2020-03-25,51,2,12,0,0,0,0
2020-03-26,64,2,13,0,0,0,0
2020-03-27,79,3,15,1,0,0,0
2020-03-28,100,3,21,0,0,0,0
2020-03-29,127,5,27,2,0,0,0
2020-03-30,174,6,47,1,0,0,0
2020-03-31,239,8,65,2,0,0,0
2020-04-01,286,11,47,3,0,0,0
2020-04-02,316,12,30,1,0,0,0
2020-04-03,378,15,62,3,0,0,0
2020-04-04,452,18,74,3,0,0,0
2020-04-05,475,20,23,2,0,0,0
2020-04-06,513,21,38,1,0,0,0
2020-04-07,573,23,60,2,0,0,0
2020-04-08,620,24,47,1,0,0,0
2020-04-09,683,33,63,9,0,0,0
2020-04-10,725,39,42,6,0,0,0
2020-04-11,788,42,63,3,0,0,0
2020-04-12,897,44,109,2,0,0,0
2020-04-13,903,45,6,1,0,0,0
2020-04-14,923,45,20,0,0,0,0
2020-04-15,974,51,51,6,0,0,0
2020-04-16,1043,56,69,5,0,0,0
2020-04-17,1068,58,25,2,0,0,0
2020-04-18,1118,60,50,2,0,0,165
2020-04-19,1213,62,95,2,0,0,160
2020-04-20,1252,63,39,1,0,0,151
2020-04-21,1298,64,46,1,0,0,117
2020-04-22,915,67,-383,3,0,0,140
2020-04-23,915,69,0,2,0,0,154
2020-04-24,871,77,-44,8,0,0,172
2020-04-25,878,83,7,6,0,0,137
2020-04-26,891,84,13,1,0,0,146
2020-04-27,895,84,4,0,0,0,140
2020-04-28,898,86,3,2,0,0,132
2020-04-29,904,86,6,0,0,0,125
2020-04-30,955,92,51,6,0,0,201
2020-05-01,964,92,9,0,0,0,200
2020-05-02,973,95,9,3,0,0,187
2020-05-03,988,97,15,2,0,0,171
2020-05-04,1001,97,13,0,0,0,152
2020-05-05,1005,99,4,2,0,0,140
2020-05-06,1006,99,1,0,0,0,144
2020-05-07,1013,102,7,3,0,0,164
2020-05-08,1029,107,16,5,0,0,161
2020-05-09,1034,108,5,1,0,0,148
2020-05-10,1040,111,6,3,0,0,143
2020-05-11,1054,113,14,2,0,0,159
2020-05-12,1062,114,8,1,0,0,127
2020-05-13,1064,115,2,1,0,0,142
2020-05-14,1073,117,9,2,0,0,159
2020-05-15,1088,122,15,5,0,0,147
2020-05-16,1114,122,26,0,0,0,144
2020-05-17,1147,123,33,1,0,0,150
2020-05-18,1195,124,48,1,0,0,147
2020-05-19,1207,124,12,0,0,0,121
2020-05-20,1206,125,-1,1,0,0,110
2020-05-21,1213,126,7,1,0,0,114
2020-05-22,1221,126,8,0,0,0,96
2020-05-23,1870,127,649,1,0,0,106
2020-05-24,1230,127,-640,0,0,0,106
2020-05-25,1240,129,10,2,0,0,112
2020-05-26,1241,129,1,0,0,0,104
2020-05-27,1260,129,19,0,0,0,105
2020-05-28,1280,131,20,2,0,0,120
2020-05-29,1293,132,13,1,0,0,101
2020-05-30,1300,133,7,1,0,0,106
2020-05-31,1304,136,4,3,0,0,99
2020-06-01,1304,136,0,0,0,0,99
2020-06-02,1305,138,1,2,0,0,106
2020-06-03,1313,140,8,2,0,0,107
2020-06-04,1322,140,9,0,0,0,114
2020-06-05,1330,141,8,1,0,0,116
2020-06-06,1360,142,30,1,0,0,100
2020-06-07,1364,142,4,0,0,0,105
2020-06-08,1373,142,9,0,0,0,107
2020-06-09,1386,142,13,0,0,0,95
2020-06-10,1402,143,16,1,0,0,97
2020-06-11,1403,144,1,1,0,0,91
2020-06-12,1443,146,40,2,0,0,92
2020-06-13,1460,146,17,0,0,0,117
2020-06-14,1471,147,11,1,0,0,110
2020-06-15,1477,147,6,0,0,0,104
2020-06-16,1479,147,2,0,0,0,94
2020-06-17,1486,147,7,0,0,0,78
2020-06-18,1496,147,10,0,0,0,73
2020-06-19,1499,147,3,0,0,0,78
2020-06-20,1531,147,32,0,0,0,83
2020-06-21,1533,149,2,2,0,0,71
2020-06-22,1540,149,7,0,0,0,70
2020-06-23,1550,149,10,0,0,0,77
2020-06-24,1577,149,27,0,0,0,80
2020-06-25,1579,151,2,2,0,0,85
2020-06-26,1583,151,4,0,0,0,89
2020-06-27,1602,152,19,1,0,0,105
2020-06-28,1624,153,22,1,0,0,99
2020-06-29,1638,153,14,0,0,0,104
2020-06-30,1693,153,55,0,0,0,102
2020-07-01,1729,153,36,0,0,0,121
2020-07-02,1767,153,38,0,0,0,97
2020-07-03,1791,154,24,1,0,0,104
2020-07-04,1817,155,26,1,0,0,100
2020-07-05,1846,155,29,0,0,0,118
2020-07-06,2071,155,225,0,0,0,115
2020-07-07,2147,157,76,2,0,0,122
2020-07-08,2171,159,24,2,0,0,127
2020-07-09,2235,159,64,0,0,0,147
2020-07-10,2351,159,116,0,0,0,140
2020-07-11,2435,167,84,8,0,0,174
2020-07-12,2583,167,148,0,0,0,174
2020-07-13,2811,167,228,0,0,0,159
2020-07-14,2904,169,93,2,0,0,206
2020-07-15,3043,171,139,2,0,0,254
2020-07-16,3119,172,76,1,0,0,280
2020-07-17,3272,177,153,5,0,0,302
2020-07-18,3461,178,189,1,0,0,316
2020-07-19,3791,178,330,0,0,0,315
2020-07-20,4011,180,220,2,0,0,336
2020-07-21,4255,180,244,0,0,0,375
2020-07-22,4330,185,75,5,0,0,415
2020-07-23,4574,188,244,3,0,0,442
2020-07-24,4794,191,220,3,0,0,460
2020-07-25,5042,201,248,10,0,0,496
2020-07-26,5236,201,194,0,0,0,496
2020-07-27,5416,201,180,0,0,0,509
2020-07-28,5585,209,169,8,0,0,469
2020-07-29,5700,211,115,2,0,0,495
2020-07-30,5920,214,220,3,0,0,504
2020-07-31,5997,219,77,5,0,0,488
2020-08-01,6543,225,546,6,0,0,508
2020-08-02,6835,230,292,5,0,0,506
2020-08-03,7113,230,278,0,0,0,533
2020-08-04,7413,237,300,7,0,0,509
2020-08-05,7684,246,271,9,0,0,507
2020-08-06,7824,258,140,12,0,0,456
2020-08-07,8230,265,406,7,0,0,440
2020-08-08,8573,274,343,9,0,0,399
2020-08-09,8934,279,361,5,0,0,424
2020-08-10,9319,279,385,0,0,0,423
2020-08-11,9605,287,286,8,0,0,439
2020-08-12,10169,295,564,8,0,0,447
2020-08-13,10279,306,110,11,0,0,466
2020-08-14,10730,317,451,11,0,0,428
2020-08-15,11069,329,339,12,0,0,406
2020-08-16,11251,335,182,6,0,0,393
2020-08-17,11723,335,472,0,0,0,400
2020-08-18,12371,346,648,11,0,0,392
2020-08-19,12452,356,81,10,0,0,361
2020-08-20,12576,367,124,11,0,0,390
2020-08-21,13014,374,438,7,0,0,392
2020-08-22,13282,381,268,7,0,0,401
2020-08-23,13477,390,195,9,0,0,370
2020-08-24,13922,390,445,0,0,0,363
2020-08-25,13992,395,70,5,0,0,391
2020-08-26,14010,404,18,9,0,0,397
2020-08-27,14469,412,459,8,0,0,403
2020-08-28,14726,424,257,12,0,0,409
2020-08-29,14986,428,260,4,0,0,365
2020-08-30,15229,434,243,6,0,0,365
2020-08-31,15476,434,247,0,0,0,383
2020-09-01,15584,435,108,1,0,0,392
2020-09-02,15942,443,358,8,0,0,373
2020-09-03,16069,448,127,5,0,0,349
2020-09-04,16101,455,32,7,0,0,382
2020-09-05,16243,464,142,9,0,0,369
2020-09-06,16269,477,26,13,0,0,377
2020-09-07,16692,477,423,0,0,0,372
2020-09-08,16788,482,96,5,0,0,380
2020-09-09,16789,500,1,18,0,0,400
2020-09-10,17248,512,459,12,0,0,421
2020-09-11,17357,523,109,11,0,0,401
2020-09-12,17598,535,241,12,0,0,420
2020-09-13,17769,539,171,4,0,0,396
2020-09-14,17977,542,208,3,0,0,414
2020-09-15,18206,551,229,9,0,0,408
2020-09-16,18252,570,46,19,0,0,434
2020-09-17,18634,588,382,18,0,0,444
2020-09-18,19113,599,479,11,0,0,435
2020-09-19,19807,605,694,6,0,0,403
2020-09-20,20069,608,262,3,0,0,384
2020-09-21,20311,609,242,1,0,0,386
2020-09-22,20399,613,88,4,0,0,369
2020-09-23,20439,617,40,4,0,0,376
2020-09-24,21156,627,717,10,0,0,364
2020-09-25,21868,635,712,8,0,0,376
2020-09-26,22164,642,296,7,0,0,342
2020-09-27,22697,644,533,2,0,0,349
2020-09-28,23357,648,660,4,0,0,339
2020-09-29,23801,654,444,6,0,0,353
2020-09-30,24000,661,199,7,0,0,327
2020-10-01,24176,665,176,4,0,0,316
2020-10-02,24505,673,329,8,0,0,339
2020-10-03,24804,681,299,8,0,0,348
2020-10-04,25034,686,230,5,0,0,319
2020-10-05,25397,695,363,9,0,0,321
2020-10-06,25635,696,238,1,0,0,322
2020-10-07,25658,705,23,9,0,0,325
2020-10-08,26010,715,352,10,0,0,315
2020-10-09,26326,720,316,5,0,0,354
2020-10-10,26558,728,232,8,0,0,347
2020-10-11,26776,730,218,2,0,0,324
2020-10-12,27004,735,228,5,0,0,314
2020-10-13,27139,738,135,3,0,0,303
2020-10-14,27629,742,490,4,0,0,343
2020-10-15,27947,743,318,1,0,0,354
2020-10-16,28174,758,227,15,0,0,341
2020-10-17,28293,761,119,3,0,0,317
2020-10-18,28711,766,418,5,0,0,292
2020-10-19,29138,768,427,2,0,0,327
2020-10-20,29585,769,447,1,0,0,378
2020-10-21,29717,774,132,5,0,0,378
2020-10-22,29804,783,87,9,0,0,395
2020-10-23,30956,791,1152,8,0,0,381
2020-10-24,31072,794,116,3,0,0,395
2020-10-25,31737,801,665,7,0,0,370
2020-10-26,32198,804,461,3,0,0,356
2020-10-27,32461,808,263,4,0,0,395
2020-10-28,32527,813,66,5,0,0,434
2020-10-29,33279,814,752,1,0,0,425
2020-10-30,33853,820,574,6,0,0,452
2020-10-31,34138,822,285,2,0,0,430
2020-11-01,34541,832,403,10,0,0,429
2020-11-02,35405,839,864,7,0,0,443
2020-11-03,35750,842,345,3,0,0,421
2020-11-04,35807,850,57,8,0,0,459
2020-11-05,36101,855,294,5,0,0,483
2020-11-06,36904,862,803,7,0,0,518
2020-11-07,37567,862,663,0,0,0,526
2020-11-08,38100,872,533,10,0,0,518
2020-11-09,38581,882,481,10,0,0,544
2020-11-10,38856,889,275,7,0,0,538
2020-11-11,39120,901,264,12,0,0,556
2020-11-12,40452,909,1332,8,0,0,566
2020-11-13,41119,914,667,5,0,0,559
2020-11-14,41772,921,653,7,0,0,539
2020-11-15,42479,935,707,14,0,0,515
2020-11-16,43016,942,537,7,0,0,533
2020-11-17,43585,951,569,9,0,0,568
2020-11-18,43910,971,325,20,0,0,557
2020-11-19,44431,982,521,11,0,0,573
2020-11-20,45335,991,904,9,0,0,614
2020-11-21,46434,1012,1099,21,0,0,621
2020-11-22,47459,1017,1025,5,0,0,606
2020-11-23,48200,1032,741,15,0,0,607
2020-11-24,48548,1038,348,6,0,0,626
2020-11-25,48725,1052,177,14,0,0,602
2020-11-26,49226,1069,501,17,0,0,597
2020-11-27,50678,1076,1452,7,0,0,582
2020-11-28,51581,1083,903,7,0,0,573
2020-11-29,51702,1094,121,11,0,0,606
2020-11-30,52545,1106,843,12,0,0,622
2020-12-01,53320,1122,775,16,0,0,638
2020-12-02,53708,1144,388,22,0,0,638
2020-12-03,54105,1155,397,11,0,0,628
2020-12-04,54597,1173,492,18,0,0,651
2020-12-05,55532,1185,935,12,0,0,640
2020-12-06,56671,1192,1139,7,0,0,631
2020-12-07,57622,1203,951,11,0,0,618
2020-12-08,58316,1206,694,3,0,0,618
2020-12-09,58962,1219,646,13,0,0,637
2020-12-10,59458,1238,496,19,0,0,657
2020-12-11,61002,1249,1544,11,0,0,649
2020-12-12,61723,1266,721,17,0,0,646
2020-12-13,62431,1272,708,6,0,0,620
2020-12-14,62985,1282,554,10,0,0,609
2020-12-15,63419,1294,434,12,0,0,583
2020-12-16,63686,1312,267,18,0,0,593
2020-12-17,64751,1323,1065,11,0,0,602
2020-12-18,66132,1333,1381,10,0,0,575
2020-12-19,67211,1342,1079,9,0,0,558
2020-12-20,68433,1368,1222,26,0,0,540
