"date","positive","death","positiveIncrease","deathIncrease","hospitalized","hospitalizedIncrease","hospitalizedCurrently"
2020-03-03,0,0,0,0,0,0,0
2020-03-04,1,0,1,0,0,0,0
2020-03-05,1,0,0,0,0,0,0
2020-03-06,1,0,0,0,0,0,0
2020-03-07,1,0,0,0,0,0,0
2020-03-08,1,0,0,0,0,0,0
2020-03-09,1,0,0,0,0,0,0
2020-03-10,2,0,1,0,0,0,0
2020-03-11,3,0,1,0,0,0,0
2020-03-12,9,0,6,0,0,0,0
2020-03-13,23,0,14,0,0,0,0
2020-03-14,23,0,0,0,0,0,0
2020-03-15,37,0,14,0,0,0,0
2020-03-16,56,0,19,0,0,0,0
2020-03-17,83,0,27,0,0,0,0
2020-03-18,121,0,38,0,0,0,0
2020-03-19,174,0,53,0,0,0,0
2020-03-20,235,3,61,3,0,0,0
2020-03-21,315,4,80,1,0,0,0
2020-03-22,425,4,110,0,0,0,0
2020-03-23,466,5,41,1,0,0,0
2020-03-24,525,5,59,0,0,0,0
2020-03-25,667,7,142,2,0,0,0
2020-03-26,806,8,139,1,0,0,0
2020-03-27,969,13,163,5,0,0,0
2020-03-28,1134,13,165,0,0,0,0
2020-03-29,1276,13,142,0,0,0,0
2020-03-30,1422,14,146,1,0,0,0
2020-03-31,1585,16,163,2,337,337,0
2020-04-01,1821,24,236,8,398,61,0
2020-04-02,2040,31,219,7,461,63,192
2020-04-03,2263,37,223,6,487,26,257
2020-04-04,2476,56,213,19,588,101,279
2020-04-05,2643,68,167,12,624,36,294
2020-04-06,2866,77,223,9,668,44,300
2020-04-07,3064,92,198,15,745,77,334
2020-04-08,3279,99,215,7,790,45,351
2020-04-09,3443,111,164,12,843,53,446
2020-04-10,3665,128,222,17,904,61,443
2020-04-11,3822,137,157,9,950,46,445
2020-04-12,3964,144,142,7,974,24,443
2020-04-13,4080,154,116,10,993,19,431
2020-04-14,4246,170,166,16,1049,56,441
2020-04-15,4453,182,207,12,1091,42,406
2020-04-16,4636,197,183,15,1121,30,394
2020-04-17,4839,205,203,8,1153,32,361
2020-04-18,5013,211,174,6,1176,23,361
2020-04-19,5176,220,163,9,1190,14,357
2020-04-20,5353,230,177,10,1211,21,357
2020-04-21,5509,242,156,12,1252,41,358
2020-04-22,5766,246,257,4,1302,50,352
2020-04-23,6011,257,245,11,1318,16,349
2020-04-24,6364,262,353,5,1353,35,356
2020-04-25,6715,266,351,4,1376,23,341
2020-04-26,6963,272,248,6,1397,21,343
2020-04-27,7161,281,198,9,1415,18,335
2020-04-28,7391,300,230,19,1456,41,351
2020-04-29,7660,308,269,8,1489,33,350
2020-04-30,8052,316,392,8,1512,23,359
2020-05-01,8550,327,498,11,1544,32,341
2020-05-02,8920,334,370,7,1591,47,352
2020-05-03,9227,339,307,5,1608,17,348
2020-05-04,9538,340,311,1,1621,13,348
2020-05-05,9896,353,358,13,1663,42,309
2020-05-06,10262,362,366,9,1694,31,298
2020-05-07,10621,374,359,12,1732,38,339
2020-05-08,11030,384,409,10,1767,35,345
2020-05-09,11402,398,372,14,1806,39,339
2020-05-10,11694,400,292,2,1820,14,332
2020-05-11,11920,409,226,9,1846,26,340
2020-05-12,12131,418,211,9,1877,31,326
2020-05-13,12449,421,318,3,1908,31,343
2020-05-14,12869,434,420,13,1939,31,352
2020-05-15,13344,445,475,11,1977,38,356
2020-05-16,13878,453,534,8,2018,41,361
2020-05-17,14257,453,379,0,2038,20,364
2020-05-18,14442,459,185,6,2068,30,379
2020-05-19,14692,467,250,8,2110,42,398
2020-05-20,15269,481,577,14,2161,51,393
2020-05-21,15792,487,523,6,2218,57,398
2020-05-22,16340,496,548,9,2259,41,416
2020-05-23,16843,507,503,11,2292,33,388
2020-05-24,17253,510,410,3,2315,23,399
2020-05-25,17571,514,318,4,2339,24,388
2020-05-26,17867,517,296,3,2362,23,422
2020-05-27,18513,539,646,22,2411,49,413
2020-05-28,19077,550,564,11,2452,41,408
2020-05-29,19843,568,766,18,2499,47,423
2020-05-30,20382,588,539,20,2563,64,409
2020-05-31,20564,592,182,4,2583,20,414
2020-06-01,20736,595,172,3,2603,20,403
2020-06-02,21155,607,419,12,2643,40,388
2020-06-03,21661,616,506,9,2700,57,357
2020-06-04,22193,626,532,10,2739,39,355
2020-06-05,22599,633,406,7,2791,52,355
2020-06-06,22937,645,338,12,2832,41,315
2020-06-07,23212,647,275,2,2848,16,308
2020-06-08,23434,646,222,-1,2860,12,322
2020-06-09,23734,661,300,15,2904,44,331
2020-06-10,24070,671,336,10,2943,39,328
2020-06-11,24441,682,371,11,2976,33,306
2020-06-12,24795,689,354,7,3003,27,287
2020-06-13,25089,691,294,2,3035,32,285
2020-06-14,25340,692,251,1,3049,14,291
2020-06-15,25546,694,206,2,3061,12,284
2020-06-16,25844,703,298,9,3096,35,275
2020-06-17,26129,712,285,9,3128,32,247
2020-06-18,26590,719,461,7,3160,32,241
2020-06-19,26913,730,323,11,3177,17,241
2020-06-20,27326,744,413,14,3203,26,239
2020-06-21,27615,744,289,0,3220,17,243
2020-06-22,27878,745,263,1,3231,11,246
2020-06-23,28175,750,297,5,3268,37,240
2020-06-24,28641,757,466,7,3299,31,239
2020-06-25,29105,766,464,9,3326,27,247
2020-06-26,29668,766,563,0,3351,25,262
2020-06-27,30227,777,559,11,3382,31,248
2020-06-28,30707,777,480,0,3393,11,251
2020-06-29,31033,784,326,7,3407,14,236
2020-06-30,31662,784,629,0,3446,39,242
2020-07-01,32225,793,563,9,3482,36,237
2020-07-02,32809,800,584,7,3519,37,236
2020-07-03,33431,803,622,3,3555,36,244
2020-07-04,34207,803,776,0,3574,19,235
2020-07-05,34740,803,533,0,3586,12,244
2020-07-06,35230,803,490,0,3602,16,255
2020-07-07,35765,812,535,9,3639,37,254
2020-07-08,36410,814,645,2,3683,44,274
2020-07-09,37210,816,800,2,3726,43,284
2020-07-10,38099,821,889,5,3766,40,278
2020-07-11,39080,828,981,7,3797,31,264
2020-07-12,39877,827,797,-1,3824,27,264
2020-07-13,40382,827,505,0,3850,26,283
2020-07-14,41349,833,967,6,3892,42,293
2020-07-15,42197,834,848,1,3923,31,295
2020-07-16,43139,838,942,4,3968,45,308
2020-07-17,44068,840,929,2,4031,63,331
2020-07-18,45099,850,1031,10,4082,51,315
2020-07-19,45948,851,849,1,4107,25,339
2020-07-20,46675,853,727,2,4129,22,367
2020-07-21,47836,866,1161,13,4194,65,354
2020-07-22,48583,872,747,6,4225,31,167
2020-07-23,49669,885,1086,13,4273,48,187
2020-07-24,50727,885,1058,0,4327,54,312
2020-07-25,51715,898,988,13,4368,41,209
2020-07-26,52680,899,965,1,4394,26,165
2020-07-27,53281,900,601,1,4420,26,250
2020-07-28,54064,913,783,13,4493,73,246
2020-07-29,54988,918,924,5,4539,46,271
2020-07-30,56079,926,1091,8,4590,51,341
2020-07-31,56934,941,855,15,4637,47,308
2020-08-01,58058,954,1124,13,4681,44,337
2020-08-02,58990,955,932,1,4717,36,354
2020-08-03,59401,956,411,1,4732,15,345
2020-08-04,60171,968,770,12,4783,51,327
2020-08-05,61110,977,939,9,4826,43,330
2020-08-06,61985,985,875,8,4881,55,330
2020-08-07,63028,997,1043,12,4930,49,350
2020-08-08,64213,1003,1185,6,4980,50,338
2020-08-09,64835,1005,622,2,5000,20,352
2020-08-10,65356,1005,521,0,5031,31,414
2020-08-11,66123,1013,767,8,5092,61,364
2020-08-12,66654,1018,531,5,5125,33,387
2020-08-13,67622,1025,968,7,5170,45,354
2020-08-14,68681,1032,1059,7,5235,65,336
2020-08-15,69547,1045,866,13,5275,40,337
2020-08-16,70246,1046,699,1,5304,29,347
2020-08-17,70715,1046,469,0,5327,23,365
2020-08-18,71424,1059,709,13,5380,53,380
2020-08-19,72134,1067,710,8,5430,50,388
2020-08-20,72903,1074,769,7,5469,39,367
2020-08-21,73751,1075,848,1,5505,36,350
2020-08-22,74726,1089,975,14,5545,40,333
2020-08-23,75205,1089,479,0,5558,13,321
2020-08-24,75619,1089,414,0,5573,15,337
2020-08-25,76306,1102,687,13,5610,37,354
2020-08-26,77092,1108,786,6,5651,41,344
2020-08-27,78004,1119,912,11,5684,33,291
2020-08-28,78868,1121,864,2,5736,52,309
2020-08-29,79730,1127,862,6,5775,39,268
2020-08-30,80300,1130,570,3,5804,29,287
2020-08-31,80568,1130,268,0,5817,13,290
2020-09-01,81604,1139,1036,9,5878,61,295
2020-09-02,82182,1150,578,11,5916,38,287
2020-09-03,82922,1154,740,4,5946,30,293
2020-09-04,84464,1161,1542,7,5998,52,302
2020-09-05,85463,1176,999,15,6048,50,275
2020-09-06,86353,1176,890,0,6070,22,286
2020-09-07,86928,1176,575,0,6089,19,289
2020-09-08,87677,1176,749,0,6118,29,297
2020-09-09,88590,1191,913,15,6173,55,302
2020-09-10,90182,1201,1592,10,6222,49,304
2020-09-11,91625,1205,1443,4,6263,41,326
2020-09-12,93055,1217,1430,12,6309,46,319
2020-09-13,94679,1218,1624,1,6332,23,313
2020-09-14,95497,1218,818,0,6350,18,341
2020-09-15,96938,1229,1441,11,6406,56,343
2020-09-16,98440,1237,1502,8,6454,48,370
2020-09-17,100574,1239,2134,2,6522,68,347
2020-09-18,103154,1246,2580,7,6569,47,342
2020-09-19,105557,1249,2403,3,6619,50,362
2020-09-20,107292,1250,1735,1,6653,34,407
2020-09-21,108588,1252,1296,2,6692,39,433
2020-09-22,110327,1259,1739,7,6765,73,474
2020-09-23,112222,1268,1895,9,6821,56,509
2020-09-24,114700,1275,2478,7,6897,76,530
2020-09-25,117329,1284,2629,9,6962,65,543
2020-09-26,120231,1291,2902,7,7041,79,574
2020-09-27,122478,1291,2247,0,7095,54,571
2020-09-28,124217,1293,1739,2,7142,47,640
2020-09-29,126664,1310,2447,17,7209,67,646
2020-09-30,129123,1337,2459,27,7300,91,683
2020-10-01,132123,1358,3000,21,7409,109,669
2020-10-02,134948,1363,2825,5,7506,97,663
2020-10-03,138002,1383,3054,20,7588,82,692
2020-10-04,139928,1388,1926,5,7646,58,714
2020-10-05,141655,1392,1727,4,7702,56,782
2020-10-06,143730,1410,2075,18,7810,108,853
2020-10-07,146193,1426,2463,16,7951,141,873
2020-10-08,149467,1435,3274,9,8061,110,907
2020-10-09,152631,1451,3164,16,8199,138,876
2020-10-10,155602,1468,2971,17,8319,120,870
2020-10-11,158315,1475,2713,7,8398,79,872
2020-10-12,160331,1484,2016,9,8454,56,950
2020-10-13,163759,1518,3428,34,8601,147,959
2020-10-14,167082,1547,3323,29,8754,153,1017
2020-10-15,171122,1565,4040,18,8892,138,1043
2020-10-16,175227,1588,4105,23,9027,135,1101
2020-10-17,175227,1588,0,0,9027,0,1068
2020-10-18,175227,1588,0,0,9027,0,1090
2020-10-19,183142,1617,7915,29,9319,292,1172
2020-10-20,187828,1652,4686,35,9537,218,1192
2020-10-21,192191,1702,4363,50,9704,167,1190
2020-10-22,195823,1725,3632,23,9855,151,1202
2020-10-23,200466,1774,4643,49,10038,183,1245
2020-10-24,205139,1803,4673,29,10237,199,1237
2020-10-25,208917,1813,3778,10,10332,95,1293
2020-10-26,211928,1824,3011,11,10416,84,1350
2020-10-27,217429,1895,5501,71,10636,220,1385
2020-10-28,221559,1943,4130,48,10810,174,1439
2020-10-29,226705,2003,5146,60,11003,193,1453
2020-10-30,232062,2029,5357,26,11145,142,1546
2020-10-31,237870,2092,5808,63,11374,229,1502
2020-11-01,241423,2110,3553,18,11497,123,1512
2020-11-02,244928,2113,3505,3,11597,100,1648
2020-11-03,251032,2171,6104,58,11844,247,1714
2020-11-04,257287,2229,6255,58,12087,243,1747
2020-11-05,263571,2269,6284,40,12310,223,1774
2020-11-06,269982,2333,6411,64,12554,244,1787
2020-11-07,277503,2381,7521,48,12727,173,1806
2020-11-08,281910,2392,4407,11,12839,112,1860
2020-11-09,286380,2410,4470,18,12939,100,2003
2020-11-10,293812,2482,7432,72,13230,291,2070
2020-11-11,301349,2554,7537,72,13507,277,2102
2020-11-12,309572,2621,8223,67,13771,264,2077
2020-11-13,318023,2683,8451,62,14045,274,2045
2020-11-14,323604,2739,5581,56,14226,181,2034
2020-11-15,329924,2751,6320,12,14381,155,2097
2020-11-16,334562,2764,4638,13,14499,118,2278
2020-11-17,342155,2867,7593,103,14817,318,2278
2020-11-18,350665,2925,8510,58,15100,283,2217
2020-11-19,358113,3010,7448,85,15336,236,2104
2020-11-20,365190,3091,7077,81,15526,190,2076
2020-11-21,372219,3143,7029,52,15734,208,2076
2020-11-22,376238,3150,4019,7,15823,89,1988
2020-11-23,379693,3158,3455,8,15930,107,1999
2020-11-24,386441,3272,6748,114,16209,279,1986
2020-11-25,392438,3343,5997,71,16457,248,1892
2020-11-26,398104,3415,5666,72,16658,201,1892
2020-11-27,399526,3434,1422,19,16715,57,1727
2020-11-28,404999,3464,5473,30,16882,167,1843
2020-11-29,409054,3487,4055,23,16999,117,1824
2020-11-30,411730,3494,2676,7,17095,96,1845
2020-12-01,416365,3611,4635,117,17372,277,1827
2020-12-02,420930,3703,4565,92,17569,197,1780
2020-12-03,426534,3773,5604,70,17741,172,1754
2020-12-04,432207,3842,5673,69,17943,202,1660
2020-12-05,437918,3934,5711,92,18126,183,1660
2020-12-06,441067,3952,3149,18,18216,90,1660
2020-12-07,443389,3973,2322,21,18286,70,1566
2020-12-08,448009,4054,4620,81,18500,214,1556
2020-12-09,452180,4142,4171,88,18715,215,1535
2020-12-10,456889,4209,4709,67,18875,160,1484
2020-12-11,461367,4266,4478,57,19020,145,1448
2020-12-12,465991,4324,4624,58,19162,142,1448
2020-12-13,468956,4339,2965,15,19249,87,1448
2020-12-14,471285,4352,2329,13,19326,77,1471
2020-12-15,475340,4408,4055,56,19510,184,1461
2020-12-16,478162,4493,2822,85,19656,146,1410
2020-12-17,482443,4561,4281,68,19785,129,1363
2020-12-18,486364,4632,3921,71,19930,145,1330
2020-12-19,490679,4722,4315,90,20052,122,1330
2020-12-20,492724,4743,2045,21,20120,68,1330
