"date","positive","death","positiveIncrease","deathIncrease","hospitalized","hospitalizedIncrease"
2020-04-13,1758,54,133,5,201,11
2020-04-14,1926,61,168,7,204,3
2020-04-15,2014,68,88,7,208,4
2020-04-16,2070,71,56,3,209,1
2020-04-17,2317,77,247,6,209,0
2020-04-18,2538,87,221,10,224,15
2020-04-19,2538,91,0,4,249,25
2020-04-20,2745,101,207,10,256,7
2020-04-21,2931,106,186,5,263,7
2020-04-22,3200,119,269,13,269,6
2020-04-23,3308,133,108,14,290,21
2020-04-24,3442,149,134,16,277,-13
2020-04-25,3576,157,134,8,300,23
2020-04-26,4034,170,458,13,317,17
2020-04-27,4162,183,128,13,325,8
2020-04-28,4575,194,413,11,NA,NA
2020-04-29,4655,206,80,12,NA,NA
2020-04-30,4734,212,79,6,NA,NA
2020-05-01,4918,224,184,12,NA,NA
2020-05-02,5038,236,120,12,NA,NA
2020-05-03,5208,248,170,12,NA,NA
2020-05-04,5288,258,80,10,NA,NA
2020-05-05,5371,269,83,11,NA,NA
2020-05-06,5778,272,407,3,NA,NA
2020-05-07,5939,288,161,16,NA,NA
2020-05-08,6111,301,172,13,NA,NA
2020-05-09,6277,305,166,4,NA,NA
2020-05-10,6277,316,0,11,NA,NA
2020-05-11,6565,328,288,12,NA,NA
2020-05-12,6741,339,176,11,NA,NA
2020-05-13,6952,355,211,16,NA,NA
2020-05-14,7223,367,271,12,NA,NA
2020-05-15,7373,378,150,11,NA,NA
2020-05-16,7547,388,174,10,NA,NA
2020-05-17,7670,398,123,10,NA,NA
2020-05-18,7869,405,199,7,NA,NA
2020-05-19,8037,416,168,11,NA,NA
2020-05-20,8194,425,157,9,NA,NA
2020-05-21,8386,430,192,5,NA,NA
2020-05-22,8529,435,143,5,NA,NA
2020-05-23,8529,441,0,6,NA,NA
2020-05-24,8809,449,280,8,NA,NA
2020-05-25,8965,455,156,6,NA,NA
2020-05-26,9066,465,101,10,NA,NA
2020-05-27,9096,475,30,10,NA,NA
2020-05-28,9171,483,75,8,NA,NA
2020-05-29,9236,490,65,7,NA,NA
2020-05-30,9422,494,186,4,NA,NA
2020-05-31,9498,497,76,3,NA,NA
2020-06-01,9605,500,107,3,NA,NA
2020-06-02,9685,501,80,1,NA,NA
2020-06-03,9712,505,27,4,NA,NA
2020-06-04,9746,517,34,12,NA,NA
2020-06-05,9773,521,27,4,NA,NA
2020-06-06,9845,521,72,0,NA,NA
2020-06-07,9942,524,97,3,NA,NA
2020-06-08,9972,527,30,3,NA,NA
2020-06-09,10020,531,48,4,NA,NA
2020-06-10,10056,533,36,2,NA,NA
2020-06-11,10106,535,50,2,NA,NA
2020-06-12,10173,537,67,2,NA,NA
2020-06-13,10229,540,56,3,NA,NA
2020-06-14,10264,541,35,1,NA,NA
2020-06-15,10340,543,76,2,NA,NA
2020-06-16,10403,544,63,1,NA,NA
2020-06-17,10444,547,41,3,NA,NA
2020-06-18,10499,548,55,1,NA,NA
2020-06-19,10611,552,112,4,NA,NA
2020-06-20,10681,552,70,0,NA,NA
2020-06-21,10775,555,94,3,NA,NA
2020-06-22,10820,557,45,2,NA,NA
2020-06-23,10847,557,27,0,NA,NA
2020-06-24,10889,559,42,2,NA,NA
2020-06-25,10980,559,91,0,NA,NA
2020-06-26,11017,561,37,2,NA,NA
2020-06-27,11091,562,74,1,NA,NA
2020-06-28,11226,564,135,2,NA,NA
2020-06-29,11376,565,150,1,NA,NA
2020-06-30,11474,566,98,1,NA,NA
2020-07-01,11510,567,36,1,NA,NA
2020-07-02,11731,568,221,1,NA,NA
2020-07-03,11923,568,192,0,NA,NA
2020-07-04,11996,569,73,1,NA,NA
2020-07-05,12128,571,132,2,NA,NA
2020-07-06,12293,572,165,1,NA,NA
2020-07-07,12414,573,121,1,NA,NA
2020-07-08,12462,574,48,1,NA,NA
2020-07-09,12531,574,69,0,NA,NA
2020-07-10,12652,575,121,1,NA,NA
2020-07-11,12743,576,91,1,NA,NA
2020-07-12,12804,579,61,3,NA,NA
2020-07-13,12879,581,75,2,NA,NA
2020-07-14,12969,581,90,0,NA,NA
2020-07-15,13050,581,81,0,NA,NA
2020-07-16,13114,581,64,0,NA,NA
2020-07-17,13337,581,223,0,NA,NA
2020-07-18,13429,583,92,2,NA,NA
2020-07-19,13519,586,90,3,NA,NA
2020-07-20,13624,586,105,0,NA,NA
2020-07-21,13746,588,122,2,NA,NA
2020-07-22,13792,590,46,2,NA,NA
2020-07-23,13924,590,132,0,NA,NA
2020-07-24,14202,592,278,2,NA,NA
2020-07-25,14175,594,-27,2,NA,NA
2020-07-26,14290,595,115,1,NA,NA
2020-07-27,14406,596,116,1,NA,NA
2020-07-28,14476,596,70,0,NA,NA
2020-07-29,14602,597,126,1,NA,NA
2020-07-30,14689,597,87,0,NA,NA
2020-07-31,14788,598,99,1,NA,NA
2020-08-01,14877,600,89,2,NA,NA
2020-08-02,14949,600,72,0,NA,NA
2020-08-03,15055,600,106,0,NA,NA
2020-08-04,15137,601,82,1,NA,NA
2020-08-05,15296,606,159,5,NA,NA
2020-08-06,15365,606,69,0,NA,NA
2020-08-07,15445,606,80,0,NA,NA
2020-08-08,15502,606,57,0,NA,NA
2020-08-09,15575,606,73,0,NA,NA
2020-08-10,15634,606,59,0,NA,NA
2020-08-11,15699,608,65,2,NA,NA
2020-08-12,15765,608,66,0,NA,NA
2020-08-13,15967,608,202,0,NA,NA
2020-08-14,16340,608,373,0,NA,NA
2020-08-15,16396,608,56,0,NA,NA
2020-08-16,16451,608,55,0,NA,NA
2020-08-17,16536,610,85,2,NA,NA
2020-08-18,16593,611,57,1,NA,NA
2020-08-19,16643,611,50,0,NA,NA
2020-08-20,16718,611,75,0,NA,NA
2020-08-21,16770,612,52,1,NA,NA
2020-08-22,16828,613,58,1,NA,NA
2020-08-23,16895,614,67,1,NA,NA
2020-08-24,16942,614,47,0,NA,NA
2020-08-25,16962,614,20,0,NA,NA
2020-08-26,16986,614,24,0,NA,NA
2020-08-27,16976,614,-10,0,NA,NA
2020-08-28,17083,615,107,1,NA,NA
2020-08-29,17349,615,266,0,NA,NA
2020-08-30,17343,615,-6,0,NA,NA
2020-08-31,17429,617,86,2,NA,NA
2020-09-01,17535,620,106,3,NA,NA
2020-09-02,17549,622,14,2,NA,NA
2020-09-03,17653,622,104,0,NA,NA
2020-09-04,17752,622,99,0,NA,NA
2020-09-05,17892,623,140,1,NA,NA
2020-09-06,18043,624,151,1,NA,NA
2020-09-07,18249,626,206,2,NA,NA
2020-09-08,18308,627,59,1,NA,NA
2020-09-09,18308,628,0,1,NA,NA
2020-09-10,18466,628,158,0,NA,NA
2020-09-11,18559,630,93,2,NA,NA
2020-09-12,18726,630,167,0,NA,NA
2020-09-13,18849,630,123,0,NA,NA
2020-09-14,18937,631,88,1,NA,NA
2020-09-15,19137,632,200,1,NA,NA
2020-09-16,19234,634,97,2,NA,NA
2020-09-17,19318,634,84,0,NA,NA
2020-09-18,19366,634,48,0,NA,NA
2020-09-19,19449,635,83,1,NA,NA
2020-09-20,19566,635,117,0,NA,NA
2020-09-21,19667,636,101,1,NA,NA
2020-09-22,19761,638,94,2,NA,NA
2020-09-23,19830,640,69,2,NA,NA
2020-09-24,19947,642,117,2,NA,NA
2020-09-25,20085,643,138,1,NA,NA
2020-09-26,20156,646,71,3,NA,NA
2020-09-27,20260,646,104,0,NA,NA
2020-09-28,20389,648,129,2,NA,NA
2020-09-29,20531,651,142,3,NA,NA
2020-09-30,20613,652,82,1,NA,NA
2020-10-01,20787,654,174,2,NA,NA
2020-10-02,20937,658,150,4,NA,NA
2020-10-03,21125,660,188,2,NA,NA
2020-10-04,21243,661,118,1,NA,NA
2020-10-05,21363,663,120,2,NA,NA
2020-10-06,21466,663,103,0,NA,NA
2020-10-07,21550,666,84,3,NA,NA
2020-10-08,21682,668,132,2,NA,NA
2020-10-09,21827,670,145,2,NA,NA
2020-10-10,21998,671,171,1,NA,NA
2020-10-11,22130,675,132,4,NA,NA
2020-10-12,22289,676,159,1,NA,NA
2020-10-13,22394,677,105,1,NA,NA
2020-10-14,22465,678,71,1,NA,NA
2020-10-15,22560,682,95,4,NA,NA
2020-10-16,22724,683,164,1,NA,NA
2020-10-17,22942,686,218,3,NA,NA
2020-10-18,23093,688,151,2,NA,NA
2020-10-19,23196,692,103,4,NA,NA
2020-10-20,23325,695,129,3,NA,NA
2020-10-21,23375,697,50,2,NA,NA
2020-10-22,23528,701,153,4,NA,NA
2020-10-23,23687,705,159,4,NA,NA
2020-10-24,23847,709,160,4,NA,NA
2020-10-25,23961,716,114,7,NA,NA
2020-10-26,24168,717,207,1,NA,NA
2020-10-27,24249,717,81,0,NA,NA
2020-10-28,24392,721,143,4,NA,NA
2020-10-29,24553,729,161,8,NA,NA
2020-10-30,24751,731,198,2,NA,NA
2020-10-31,24951,735,200,4,NA,NA
2020-11-01,25126,738,175,3,NA,NA
2020-11-02,25311,740,185,2,NA,NA
2020-11-03,25426,744,115,4,NA,NA
2020-11-04,25534,745,108,1,NA,NA
2020-11-05,25753,747,219,2,NA,NA
2020-11-06,26035,749,282,2,NA,NA
2020-11-07,26258,752,223,3,NA,NA
2020-11-08,26603,753,345,1,NA,NA
2020-11-09,26908,755,305,2,NA,NA
2020-11-10,27112,758,204,3,NA,NA
2020-11-11,27342,760,230,2,NA,NA
2020-11-12,27546,762,204,2,NA,NA
2020-11-13,28016,765,470,3,NA,NA
2020-11-14,28395,766,379,1,NA,NA
2020-11-15,28803,769,408,3,NA,NA
2020-11-16,29200,773,397,4,NA,NA
2020-11-17,29552,776,352,3,NA,NA
2020-11-18,29755,779,203,3,NA,NA
2020-11-19,30153,782,398,3,NA,NA
2020-11-20,30816,784,663,2,NA,NA
2020-11-21,31321,786,505,2,NA,NA
2020-11-22,31808,790,487,4,NA,NA
2020-11-23,32211,796,403,6,NA,NA
2020-11-24,32664,800,453,4,NA,NA
2020-11-25,32995,802,331,2,NA,NA
2020-11-26,33579,805,584,3,NA,NA
2020-11-27,34170,810,591,5,NA,NA
2020-11-28,34670,813,500,3,NA,NA
2020-11-29,35251,817,581,4,NA,NA
2020-11-30,35654,820,403,3,NA,NA
2020-12-01,36343,826,689,6,NA,NA
2020-12-02,36698,829,355,3,NA,NA
2020-12-03,37456,834,758,5,NA,NA
2020-12-04,38398,838,942,4,NA,NA
2020-12-05,39096,842,698,4,NA,NA
2020-12-06,39912,849,816,7,NA,NA
2020-12-07,40711,854,799,5,NA,NA
2020-12-08,41464,857,753,3,NA,NA
2020-12-09,42393,870,929,13,NA,NA
2020-12-10,43036,876,643,6,NA,NA
2020-12-11,43818,880,782,4,NA,NA
2020-12-12,44876,887,1058,7,NA,NA
2020-12-13,45460,900,584,13,NA,NA
2020-12-14,46457,906,997,6,NA,NA
2020-12-15,47142,913,685,7,NA,NA
2020-12-16,47929,926,787,13,NA,NA
2020-12-17,48768,932,839,6,NA,NA
2020-12-18,49109,939,341,7,NA,NA
2020-12-19,50136,952,1027,13,NA,NA
2020-12-20,50616,966,480,14,NA,NA
2020-12-21,51056,973,440,7,NA,NA
2020-12-22,51623,980,567,7,NA,NA
2020-12-23,52235,989,612,9,NA,NA
2020-12-24,53015,998,780,9,NA,NA
2020-12-25,53653,1009,638,11,NA,NA
2020-12-26,54473,1017,820,8,NA,NA
2020-12-27,55057,1032,584,15,NA,NA
2020-12-28,55488,1041,431,9,NA,NA
2020-12-29,56189,1047,701,6,NA,NA
2020-12-30,56596,1055,407,8,NA,NA
2020-12-31,57456,1061,860,6,NA,NA
2021-01-01,58064,1065,608,4,NA,NA
2021-01-02,58873,1072,809,7,NA,NA
2021-01-03,59484,1080,611,8,NA,NA
2021-01-04,60333,1085,849,5,NA,NA
2021-01-05,61100,1093,767,8,NA,NA
2021-01-06,61729,1102,629,9,NA,NA
2021-01-07,62949,1112,1220,10,NA,NA
2021-01-08,63503,1116,554,4,NA,NA
2021-01-09,64475,1128,972,12,NA,NA
2021-01-10,65273,1137,798,9,NA,NA
2021-01-11,65827,1146,554,9,NA,NA
2021-01-12,66446,1157,619,11,NA,NA
2021-01-13,67173,1166,727,9,NA,NA
2021-01-14,68065,1178,892,12,NA,NA
2021-01-15,68727,1182,662,4,NA,NA
2021-01-16,69372,1188,645,6,NA,NA
2021-01-17,70294,1200,922,12,NA,NA
2021-01-18,70910,1210,616,10,NA,NA
2021-01-19,71311,1219,401,9,NA,NA
2021-01-20,71775,1228,464,9,NA,NA
2021-01-21,72523,1241,748,13,NA,NA
2021-01-22,73233,1252,710,11,NA,NA
2021-01-23,73915,1254,682,2,NA,NA
2021-01-24,74575,1267,660,13,NA,NA
2021-01-25,75191,1271,616,4,NA,NA
2021-01-26,75490,1276,299,5,NA,NA
2021-01-27,75832,1283,342,7,NA,NA
2021-01-28,76495,1292,663,9,NA,NA
2021-01-29,76935,1299,440,7,NA,NA
2021-01-30,77551,1301,616,2,NA,NA
2021-01-31,78071,1305,520,4,NA,NA
2021-02-01,78495,1308,424,3,NA,NA
2021-02-02,78696,1316,201,8,NA,NA
2021-02-03,78982,1318,286,2,NA,NA
2021-02-04,79225,1321,243,3,NA,NA
2021-02-05,79546,1325,321,4,NA,NA
2021-02-06,79832,1329,286,4,NA,NA
2021-02-07,80594,1335,762,6,NA,NA
2021-02-08,80931,1339,337,4,NA,NA
2021-02-09,81210,1343,279,4,NA,NA
2021-02-10,81461,1346,251,3,NA,NA
2021-02-11,81875,1350,414,4,NA,NA
2021-02-12,82263,1352,388,2,NA,NA
2021-02-13,82672,1356,409,4,NA,NA
2021-02-14,83003,1361,331,5,NA,NA
2021-02-15,83239,1364,236,3,NA,NA
2021-02-16,83369,1364,130,0,NA,NA
2021-02-17,83581,1365,212,1,NA,NA
2021-02-18,83852,1366,271,1,NA,NA
2021-02-19,84181,1366,329,0,NA,NA
2021-02-20,84531,1366,350,0,NA,NA
2021-02-21,84732,1367,201,1,NA,NA
2021-02-22,85090,1368,358,1,NA,NA
2021-02-23,85228,1379,138,11,NA,NA
2021-02-24,85506,1402,278,23,NA,NA
2021-02-25,85801,1406,295,4,NA,NA
2021-02-26,86098,1418,297,12,NA,NA
2021-02-27,86517,1418,419,0,NA,NA
2021-02-28,86799,1422,282,4,NA,NA
