"date","positive","death","positiveIncrease","deathIncrease","hospitalized","hospitalizedIncrease"
2020-04-13,26867,844,1392,88,2340,105
2020-04-14,28164,844,1297,0,2340,0
2020-04-15,29918,1108,1754,264,3454,1114
2020-04-16,32181,1108,2263,0,3454,0
2020-04-17,34402,1245,2221,137,3729,275
2020-04-18,36372,1404,1970,159,3729,0
2020-04-19,38077,1706,1705,302,3729,0
2020-04-20,38077,1706,0,0,3729,0
2020-04-21,41199,1961,3122,255,3872,143
2020-04-22,42944,2182,1745,221,3977,105
2020-04-23,46023,2360,3079,178,4493,516
2020-04-24,50969,2556,4946,196,4752,259
2020-04-25,53348,2730,2379,174,4965,213
2020-04-26,54938,2899,1590,169,5104,139
2020-04-27,56462,3003,1524,104,5237,133
2020-04-28,58302,3153,1840,150,5515,278
2020-04-29,60265,3405,1963,252,5758,243
2020-04-30,62205,3562,1940,157,5942,184
2020-05-01,64311,3716,2106,154,6169,227
2020-05-02,66263,3846,1952,130,6378,209
2020-05-03,68087,4004,1824,158,6507,129
2020-05-04,69087,4090,1000,86,6622,115
2020-05-05,70271,4212,1184,122,6831,209
2020-05-06,72025,4420,1754,208,7080,249
2020-05-07,73721,4552,1696,132,7237,157
2020-05-08,75333,4702,1612,150,7434,197
2020-05-09,76743,4840,1410,138,7551,117
2020-05-10,77793,4979,1050,139,7617,66
2020-05-11,78462,5108,669,129,7732,115
2020-05-12,79332,5141,870,33,7842,110
2020-05-13,80497,5315,1165,174,8032,190
2020-05-14,82182,5482,1685,167,8032,0
2020-05-15,83421,5592,1239,110,8314,282
2020-05-16,84933,5705,1512,113,8456,142
2020-05-17,86010,5797,1077,92,8539,83
2020-05-18,87052,5862,1042,65,8539,0
2020-05-19,87925,5938,873,76,8766,227
2020-05-20,88970,6066,1045,128,8897,131
2020-05-21,90084,6148,1114,82,9040,143
2020-05-22,90889,6228,805,80,9162,122
2020-05-23,91662,6304,773,76,9260,98
2020-05-24,92675,6372,1013,68,9308,48
2020-05-25,93271,6416,596,44,9339,31
2020-05-26,93693,6473,422,57,9388,49
2020-05-27,94220,6547,527,74,9388,0
2020-05-28,94895,6640,675,93,9618,230
2020-05-29,95512,6718,617,78,9725,107
2020-05-30,96301,6768,789,50,9789,64
2020-05-31,96965,6846,664,78,9823,34
2020-06-01,100805,7035,3840,189,9823,0
2020-06-02,101163,7085,358,50,10063,240
2020-06-03,101592,7152,429,67,10151,88
2020-06-04,102063,7201,471,49,10238,87
2020-06-05,102557,7235,494,34,10303,65
2020-06-06,103132,7289,575,54,10369,66
2020-06-07,103436,7316,304,27,10393,24
2020-06-08,103626,7353,190,37,10425,32
2020-06-09,103889,7408,263,55,10507,82
2020-06-10,104156,7454,267,46,10582,75
2020-06-11,104667,7492,511,38,10654,72
2020-06-12,105059,7538,392,46,10726,72
2020-06-13,105395,7576,336,38,10772,46
2020-06-14,105603,7624,208,48,10802,30
2020-06-15,105690,7647,87,23,10817,15
2020-06-16,105885,7664,195,17,10867,50
2020-06-17,106151,7733,266,69,10925,58
2020-06-18,106422,7769,271,36,10985,60
2020-06-19,106650,7799,228,30,11036,51
2020-06-20,106936,7827,286,28,11076,40
2020-06-21,107061,7857,125,30,11085,9
2020-06-22,107210,7873,149,16,11094,9
2020-06-23,107439,7889,229,16,11157,63
2020-06-24,107611,7937,172,48,11219,62
2020-06-25,107837,7962,226,25,11252,33
2020-06-26,108070,8012,233,50,11291,39
2020-06-27,108443,8040,373,28,11310,19
2020-06-28,108667,8059,224,19,11319,9
2020-06-29,108768,8094,101,35,11345,26
2020-06-30,108882,8053,114,-41,11337,-8
2020-07-01,108882,8053,0,0,11352,15
2020-07-02,109338,8132,456,79,11392,40
2020-07-03,109628,8149,290,17,11436,44
2020-07-04,109838,8172,210,23,11461,25
2020-07-05,109974,8183,136,11,11463,2
2020-07-06,110137,8198,163,15,11469,6
2020-07-07,110338,8213,201,15,11489,20
2020-07-08,110602,8243,264,30,11517,28
2020-07-09,110897,8268,295,25,11559,42
2020-07-10,111110,8296,213,28,11582,23
2020-07-11,111398,8310,288,14,11600,18
2020-07-12,111597,8325,199,15,11608,8
2020-07-13,111827,8330,230,5,11611,3
2020-07-14,112130,8340,303,10,11625,14
2020-07-15,112347,8368,217,28,11651,26
2020-07-16,112581,8380,234,12,11663,12
2020-07-17,112879,8402,298,22,11691,28
2020-07-18,113238,8419,359,17,11709,18
2020-07-19,113534,8431,296,12,11717,8
2020-07-20,113789,8433,255,2,11722,5
2020-07-21,114033,8450,244,17,11746,24
2020-07-22,114320,8468,287,18,11761,15
2020-07-23,114647,8484,327,16,11761,0
2020-07-24,114985,8498,338,14,11770,9
2020-07-25,115268,8510,283,12,11813,43
2020-07-26,115637,8529,369,19,11828,15
2020-07-27,115926,8536,289,7,11833,5
2020-07-28,116182,8551,256,15,11855,22
2020-07-29,116684,8580,502,29,11855,0
2020-07-30,117098,8580,414,0,11893,38
2020-07-31,117612,8609,514,29,11908,15
2020-08-01,118040,8626,428,17,11908,0
2020-08-02,118458,8638,418,12,11936,28
2020-08-03,118657,8648,199,10,11942,6
2020-08-04,119203,8657,546,9,11973,31
2020-08-05,119643,8659,440,2,11993,20
2020-08-06,119874,8691,231,32,12007,14
2020-08-07,120291,8709,417,18,12022,15
2020-08-08,120711,8721,420,12,12044,22
2020-08-09,121040,8735,329,14,12054,10
2020-08-10,121315,8741,275,6,12062,8
2020-08-11,121707,8751,392,10,12089,27
2020-08-12,122000,8769,293,18,12089,0
2020-08-13,122423,8790,423,21,12131,42
2020-08-14,122728,8810,305,20,12150,19
2020-08-15,123199,8826,471,16,12170,20
2020-08-16,123593,8838,394,12,12173,3
2020-08-17,123841,8842,248,4,12178,5
2020-08-18,124063,8848,222,6,12192,14
2020-08-19,124415,8876,352,28,12213,21
2020-08-20,124728,8888,313,12,12225,12
2020-08-21,125216,8901,488,13,12245,20
2020-08-22,125360,8921,144,20,12256,11
2020-08-23,125360,8921,0,0,12256,0
2020-08-24,126022,8949,662,28,12268,12
2020-08-25,126420,8961,398,12,12279,11
2020-08-26,126756,8987,336,26,12299,20
2020-08-27,127124,9008,368,21,12318,19
2020-08-28,127584,9024,460,16,NA,NA
2020-08-29,128030,9036,446,12,NA,NA
2020-08-30,128229,9049,199,13,NA,NA
2020-08-31,128533,9060,304,11,NA,NA
2020-09-01,128888,9064,355,4,NA,NA
2020-09-02,129182,9060,294,-4,NA,NA
2020-09-03,121546,9077,-7636,17,NA,NA
2020-09-04,121758,9100,212,23,NA,NA
2020-09-05,122196,9116,438,16,NA,NA
2020-09-06,122562,9125,366,9,NA,NA
2020-09-07,122791,9133,229,8,NA,NA
2020-09-08,122962,9141,171,8,NA,NA
2020-09-09,123143,9146,181,5,NA,NA
2020-09-10,123546,9166,403,20,NA,NA
2020-09-11,123986,9180,440,14,NA,NA
2020-09-12,124540,9196,554,16,NA,NA
2020-09-13,124826,9210,286,14,NA,NA
2020-09-14,125080,9219,254,9,NA,NA
2020-09-15,125393,9225,313,6,NA,NA
2020-09-16,125699,9245,306,20,NA,NA
2020-09-17,126128,9260,429,15,NA,NA
2020-09-18,126582,9269,454,9,NA,NA
2020-09-19,127181,9295,599,26,NA,NA
2020-09-20,127540,9310,359,15,NA,NA
2020-09-21,127796,9317,256,7,NA,NA
2020-09-22,127969,9328,173,11,NA,NA
2020-09-23,128512,9347,543,19,NA,NA
2020-09-24,128993,9362,481,15,NA,NA
2020-09-25,129481,9373,488,11,NA,NA
2020-09-26,130050,9391,569,18,NA,NA
2020-09-27,130642,9404,592,13,NA,NA
2020-09-28,131072,9415,430,11,NA,NA
2020-09-29,131584,9423,512,8,NA,NA
2020-09-30,132116,9456,532,33,NA,NA
2020-10-01,132870,9480,754,24,NA,NA
2020-10-02,133631,9490,761,10,NA,NA
2020-10-03,134303,9507,672,17,NA,NA
2020-10-04,134947,9510,644,3,NA,NA
2020-10-05,135462,9530,515,20,NA,NA
2020-10-06,135957,9538,495,8,NA,NA
2020-10-07,136492,9557,535,19,NA,NA
2020-10-08,136936,9565,444,8,NA,NA
2020-10-09,137701,9577,765,12,NA,NA
2020-10-10,138340,9587,639,10,NA,NA
2020-10-11,138903,9604,563,17,NA,NA
2020-10-12,139663,9617,760,13,NA,NA
2020-10-13,140412,9630,749,13,NA,NA
2020-10-14,140992,9647,580,17,NA,NA
2020-10-15,141579,9672,587,25,NA,NA
2020-10-16,142346,9702,767,30,NA,NA
2020-10-17,142930,9723,584,21,NA,NA
2020-10-18,143660,9737,730,14,NA,NA
2020-10-19,144488,9753,828,16,NA,NA
2020-10-20,145464,9758,976,5,NA,NA
2020-10-21,146166,9780,702,22,NA,NA
2020-10-22,147215,9810,1049,30,NA,NA
2020-10-23,148285,9830,1070,20,NA,NA
2020-10-24,149488,9839,1203,9,NA,NA
2020-10-25,150565,9864,1077,25,NA,NA
2020-10-26,151777,9881,1212,17,NA,NA
2020-10-27,153037,9888,1260,7,NA,NA
2020-10-28,154218,9924,1181,36,NA,NA
2020-10-29,155564,9951,1346,27,NA,NA
2020-10-30,157146,9975,1582,24,NA,NA
2020-10-31,158576,9991,1430,16,NA,NA
2020-11-01,159707,10013,1131,22,NA,NA
2020-11-02,160549,10023,842,10,NA,NA
2020-11-03,161585,10035,1036,12,NA,NA
2020-11-04,163299,10062,1714,27,NA,NA
2020-11-05,165161,10085,1862,23,NA,NA
2020-11-06,167274,10106,2113,21,NA,NA
2020-11-07,169576,10129,2302,23,NA,NA
2020-11-08,171399,10149,1823,20,NA,NA
2020-11-09,172727,10163,1328,14,NA,NA
2020-11-10,174881,10184,2154,21,NA,NA
2020-11-11,177541,10222,2660,38,NA,NA
2020-11-12,180189,10242,2648,20,NA,NA
2020-11-13,183095,10265,2906,23,NA,NA
2020-11-14,186142,10293,3047,28,NA,NA
2020-11-15,188275,10329,2133,36,NA,NA
2020-11-16,190439,10340,2164,11,NA,NA
2020-11-17,192964,10360,2525,20,NA,NA
2020-11-18,195868,10407,2904,47,NA,NA
2020-11-19,198550,10435,2682,28,NA,NA
2020-11-20,200949,10469,2399,34,NA,NA
2020-11-21,204155,10488,3206,19,NA,NA
2020-11-22,206850,10512,2695,24,NA,NA
2020-11-23,208623,10531,1773,19,NA,NA
2020-11-24,211199,10551,2576,20,NA,NA
2020-11-25,214594,10604,3395,53,NA,NA
2020-11-26,214594,10604,0,0,NA,NA
2020-11-27,219252,10635,4658,31,NA,NA
2020-11-28,222469,10676,3217,41,NA,NA
2020-11-29,224964,10722,2495,46,NA,NA
2020-11-30,226132,10748,1168,26,NA,NA
2020-12-01,229205,10778,3073,30,NA,NA
2020-12-02,234232,10824,5027,46,NA,NA
2020-12-03,240907,10874,6675,50,NA,NA
2020-12-04,246398,10910,5491,36,NA,NA
2020-12-05,252017,10953,5619,43,NA,NA
2020-12-06,256844,11004,4827,51,NA,NA
2020-12-07,259325,11035,2481,31,NA,NA
2020-12-08,263447,11076,4122,41,NA,NA
2020-12-09,269412,11166,5965,90,NA,NA
2020-12-10,274781,11209,5369,43,NA,NA
2020-12-11,280436,11257,5655,48,NA,NA
2020-12-12,285725,11307,5289,50,NA,NA
2020-12-13,290578,11349,4853,42,NA,NA
2020-12-14,294231,11388,3653,39,NA,NA
2020-12-15,298160,11443,3929,55,NA,NA
2020-12-16,304112,11513,5952,70,NA,NA
2020-12-17,309247,11558,5135,45,NA,NA
2020-12-18,314926,11610,5679,52,NA,NA
2020-12-19,319270,11657,4344,47,NA,NA
2020-12-20,323531,11717,4261,60,NA,NA
2020-12-21,327374,11759,3843,42,NA,NA
2020-12-22,331174,11804,3800,45,NA,NA
2020-12-23,335988,11887,4814,83,NA,NA
2020-12-24,341925,11963,5937,76,NA,NA
2020-12-25,341925,11963,0,0,NA,NA
2020-12-26,349602,12010,7677,47,NA,NA
2020-12-27,352736,12110,3134,100,NA,NA
2020-12-28,356934,12158,4198,48,NA,NA
2020-12-29,361079,12218,4145,60,NA,NA
2020-12-30,367918,12338,6839,120,NA,NA
2020-12-31,375178,12423,7260,85,NA,NA
2021-01-01,375178,12423,0,0,NA,NA
2021-01-02,384181,12502,9003,79,NA,NA
2021-01-03,387662,12610,3481,108,NA,NA
2021-01-04,392568,12671,4906,61,NA,NA
2021-01-05,397202,12734,4634,63,NA,NA
2021-01-06,404053,12836,6851,102,NA,NA
2021-01-07,411601,12909,7548,73,NA,NA
2021-01-08,419721,12985,8120,76,NA,NA
2021-01-09,427135,13074,7414,89,NA,NA
2021-01-10,432791,13151,5656,77,NA,NA
2021-01-11,437042,13206,4251,55,NA,NA
2021-01-12,442529,13273,5487,67,NA,NA
2021-01-13,448447,13359,5918,86,NA,NA
2021-01-14,454402,13433,5955,74,NA,NA
2021-01-15,459927,13509,5525,76,NA,NA
2021-01-16,465726,13583,5799,74,NA,NA
2021-01-17,470140,13652,4414,69,NA,NA
2021-01-18,473441,13705,3301,53,NA,NA
2021-01-19,476526,13749,3085,44,NA,NA
2021-01-20,481040,13829,4514,80,NA,NA
2021-01-21,486180,13906,5140,77,NA,NA
2021-01-22,491452,13987,5272,81,NA,NA
2021-01-23,496093,14064,4641,77,NA,NA
2021-01-24,500037,14133,3944,69,NA,NA
2021-01-25,503688,14178,3651,45,NA,NA
2021-01-26,506183,14220,2495,42,NA,NA
2021-01-27,509503,14304,3320,84,NA,NA
2021-01-28,514134,14348,4631,44,NA,NA
2021-01-29,517252,14444,3118,96,NA,NA
2021-01-30,521360,14531,4108,87,NA,NA
2021-01-31,524025,14577,2665,46,NA,NA
2021-02-01,526423,14607,2398,30,NA,NA
2021-02-02,528662,14652,2239,45,NA,NA
2021-02-03,531117,14708,2455,56,NA,NA
2021-02-04,533921,14784,2804,76,NA,NA
2021-02-05,537208,14859,3287,75,NA,NA
2021-02-06,540827,14921,3619,62,NA,NA
2021-02-07,543934,14999,3107,78,NA,NA
2021-02-08,545303,15054,1369,55,NA,NA
2021-02-09,546896,15124,1593,70,NA,NA
2021-02-10,548946,15207,2050,83,NA,NA
2021-02-11,551396,15269,2450,62,NA,NA
2021-02-12,553812,15358,2416,89,NA,NA
2021-02-13,555895,15424,2083,66,NA,NA
2021-02-14,557777,15484,1882,60,NA,NA
2021-02-15,559350,15517,1573,33,NA,NA
2021-02-16,560576,15567,1226,50,NA,NA
2021-02-17,561936,15623,1360,56,NA,NA
2021-02-18,563976,15686,2040,63,NA,NA
2021-02-19,565794,15726,1818,40,NA,NA
2021-02-20,567764,15779,1970,53,NA,NA
2021-02-21,569284,15826,1520,47,NA,NA
2021-02-22,570546,15853,1262,27,NA,NA
2021-02-23,571783,15883,1237,30,NA,NA
2021-02-24,573885,15945,2102,62,NA,NA
2021-02-25,575993,15978,2108,33,NA,NA
2021-02-26,577980,16024,1987,46,NA,NA
2021-02-27,579680,16067,1700,43,NA,NA
2021-02-28,581148,16118,1468,51,NA,NA
