"date","positive","death","positiveIncrease","deathIncrease","hospitalized","hospitalizedIncrease"
2020-04-13,1710,41,123,0,142,13
2020-04-14,1899,49,189,8,163,21
2020-04-15,1995,53,96,4,171,8
2020-04-16,2141,60,146,7,175,4
2020-04-17,2332,64,191,4,183,8
2020-04-18,2513,74,181,10,193,10
2020-04-19,2902,75,389,1,198,5
2020-04-20,3159,79,257,4,214,16
2020-04-21,3641,83,482,4,214,0
2020-04-22,3748,90,107,7,272,58
2020-04-23,3924,96,176,6,282,10
2020-04-24,4445,107,521,11,278,-4
2020-04-25,5092,112,647,5,293,15
2020-04-26,5476,118,384,6,286,-7
2020-04-27,5868,127,392,9,300,14
2020-04-28,6376,136,508,9,NA,NA
2020-04-29,6843,148,467,12,NA,NA
2020-04-30,7145,162,302,14,NA,NA
2020-05-01,7884,170,739,8,NA,NA
2020-05-02,8643,175,759,5,NA,NA
2020-05-03,9175,184,532,9,NA,NA
2020-05-04,9703,188,528,4,NA,NA
2020-05-05,10111,207,408,19,NA,NA
2020-05-06,10404,219,293,12,NA,NA
2020-05-07,11059,231,655,12,NA,NA
2020-05-08,11457,243,398,12,NA,NA
2020-05-09,11671,252,214,9,NA,NA
2020-05-10,11959,265,288,13,NA,NA
2020-05-11,12373,271,414,6,NA,NA
2020-05-12,12912,289,539,18,NA,NA
2020-05-13,13289,306,377,17,NA,NA
2020-05-14,13675,318,386,12,NA,NA
2020-05-15,14049,336,374,18,NA,NA
2020-05-16,14328,346,279,10,NA,NA
2020-05-17,14651,351,323,5,NA,NA
2020-05-18,14955,355,304,4,NA,NA
2020-05-19,15296,367,341,12,NA,NA
2020-05-20,15620,393,324,26,NA,NA
2020-05-21,16170,410,550,17,NA,NA
2020-05-22,16492,424,322,14,NA,NA
2020-05-23,16898,446,406,22,NA,NA
2020-05-24,17251,456,353,10,NA,NA
2020-05-25,17557,456,306,0,NA,NA
2020-05-26,17703,477,146,21,NA,NA
2020-05-27,18369,496,666,19,NA,NA
2020-05-28,18586,506,217,10,NA,NA
2020-05-29,18957,524,371,18,NA,NA
2020-05-30,19244,531,287,7,NA,NA
2020-05-31,19552,535,308,4,NA,NA
2020-06-01,19699,555,147,20,NA,NA
2020-06-02,20019,561,320,6,NA,NA
2020-06-03,20300,574,281,13,NA,NA
2020-06-04,20806,583,506,9,NA,NA
2020-06-05,21154,593,348,10,NA,NA
2020-06-06,21478,599,324,6,NA,NA
2020-06-07,21712,605,234,6,NA,NA
2020-06-08,22007,617,295,12,NA,NA
2020-06-09,22237,626,230,9,NA,NA
2020-06-10,22626,631,389,5,NA,NA
2020-06-11,22973,640,347,9,NA,NA
2020-06-12,23350,644,377,4,NA,NA
2020-06-13,23717,650,367,6,NA,NA
2020-06-14,23926,652,209,2,NA,NA
2020-06-15,24082,658,156,6,NA,NA
2020-06-16,24179,665,97,7,NA,NA
2020-06-17,24460,675,281,10,NA,NA
2020-06-18,24861,680,401,5,NA,NA
2020-06-19,25274,681,413,1,NA,NA
2020-06-20,25496,681,222,0,NA,NA
2020-06-21,25963,686,467,5,NA,NA
2020-06-22,26146,686,183,0,NA,NA
2020-06-23,26469,689,323,3,NA,NA
2020-06-24,26601,690,132,1,NA,NA
2020-06-25,27373,696,772,6,NA,NA
2020-06-26,27717,704,344,8,NA,NA
2020-06-27,28073,704,356,0,NA,NA
2020-06-28,28520,706,447,2,NA,NA
2020-06-29,28845,711,325,5,NA,NA
2020-06-30,29074,716,229,5,NA,NA
2020-07-01,29514,717,440,1,NA,NA
2020-07-02,30259,719,745,2,NA,NA
2020-07-03,30463,721,204,2,NA,NA
2020-07-04,31061,721,598,0,NA,NA
2020-07-05,31517,721,456,0,NA,NA
2020-07-06,31758,723,241,2,NA,NA
2020-07-07,32153,732,395,9,NA,NA
2020-07-08,32624,736,471,4,NA,NA
2020-07-09,33254,741,630,5,NA,NA
2020-07-10,34172,743,918,2,NA,NA
2020-07-11,34658,748,486,5,NA,NA
2020-07-12,35410,752,752,4,NA,NA
2020-07-13,35631,755,221,3,NA,NA
2020-07-14,35866,757,235,2,NA,NA
2020-07-15,36536,777,670,20,NA,NA
2020-07-16,37350,781,814,4,NA,NA
2020-07-17,37903,785,553,4,NA,NA
2020-07-18,38313,789,410,4,NA,NA
2020-07-19,38813,793,500,4,NA,NA
2020-07-20,39343,798,530,5,NA,NA
2020-07-21,39721,806,378,8,NA,NA
2020-07-22,40208,814,487,8,NA,NA
2020-07-23,40796,820,588,6,NA,NA
2020-07-24,41434,826,638,6,NA,NA
2020-07-25,41886,826,452,0,NA,NA
2020-07-26,42357,829,471,3,NA,NA
2020-07-27,42696,836,339,7,NA,NA
2020-07-28,42928,839,232,3,NA,NA
2020-07-29,43623,854,695,15,NA,NA
2020-07-30,44285,865,662,11,NA,NA
2020-07-31,44753,872,468,7,NA,NA
2020-08-01,45293,874,540,2,NA,NA
2020-08-02,45723,878,430,4,NA,NA
2020-08-03,45905,884,182,6,NA,NA
2020-08-04,46231,888,326,4,NA,NA
2020-08-05,46836,900,605,12,NA,NA
2020-08-06,47559,912,723,12,NA,NA
2020-08-07,48040,915,481,3,NA,NA
2020-08-08,48535,927,495,12,NA,NA
2020-08-09,48919,931,384,4,NA,NA
2020-08-10,49165,934,246,3,NA,NA
2020-08-11,49521,946,356,12,NA,NA
2020-08-12,49973,953,452,7,NA,NA
2020-08-13,50373,960,400,7,NA,NA
2020-08-14,51247,970,874,10,NA,NA
2020-08-15,52065,975,818,5,NA,NA
2020-08-16,52447,975,382,0,NA,NA
2020-08-17,52829,987,382,12,NA,NA
2020-08-18,53201,1002,372,15,NA,NA
2020-08-19,53523,1010,322,8,NA,NA
2020-08-20,54533,1016,1010,6,NA,NA
2020-08-21,55331,1029,798,13,NA,NA
2020-08-22,55996,1033,665,4,NA,NA
2020-08-23,56446,1037,450,4,NA,NA
2020-08-24,56909,1047,463,10,NA,NA
2020-08-25,57606,1059,697,12,NA,NA
2020-08-26,58807,1071,1201,12,NA,NA
2020-08-27,61488,1091,2681,20,NA,NA
2020-08-28,62828,1108,1340,17,NA,NA
2020-08-29,63612,1100,784,-8,NA,NA
2020-08-30,64599,1113,987,13,NA,NA
2020-08-31,65139,1120,540,7,NA,NA
2020-09-01,65847,1125,708,5,NA,NA
2020-09-02,66463,1133,616,8,NA,NA
2020-09-03,67691,1136,1228,3,NA,NA
2020-09-04,68744,1158,1053,22,NA,NA
2020-09-05,69690,1164,946,6,NA,NA
2020-09-06,70215,1167,525,3,NA,NA
2020-09-07,70537,1170,322,3,NA,NA
2020-09-08,71019,1185,482,15,NA,NA
2020-09-09,71595,1204,576,19,NA,NA
2020-09-10,72458,1207,863,3,NA,NA
2020-09-11,73399,1216,941,9,NA,NA
2020-09-12,74205,1218,806,2,NA,NA
2020-09-13,74676,1220,471,2,NA,NA
2020-09-14,75064,1224,388,4,NA,NA
2020-09-15,75721,1234,657,10,NA,NA
2020-09-16,76652,1248,931,14,NA,NA
2020-09-17,77204,1250,552,2,NA,NA
2020-09-18,78839,1264,1635,14,NA,NA
2020-09-19,79804,1265,965,1,NA,NA
2020-09-20,80410,1265,606,0,NA,NA
2020-09-21,81007,1284,597,19,NA,NA
2020-09-22,81618,1293,611,9,NA,NA
2020-09-23,82871,1298,1253,5,NA,NA
2020-09-24,83991,1303,1120,5,NA,NA
2020-09-25,85031,1312,1040,9,NA,NA
2020-09-26,85908,1314,877,2,NA,NA
2020-09-27,86624,1316,716,2,NA,NA
2020-09-28,87257,1324,633,8,NA,NA
2020-09-29,88235,1341,978,17,NA,NA
2020-09-30,89247,1358,1012,17,NA,NA
2020-10-01,90428,1366,1181,8,NA,NA
2020-10-02,91482,1377,1054,11,NA,NA
2020-10-03,92301,1381,819,4,NA,NA
2020-10-04,92744,1387,443,6,NA,NA
2020-10-05,93260,1398,516,11,NA,NA
2020-10-06,93805,1413,545,15,NA,NA
2020-10-07,95093,1419,1288,6,NA,NA
2020-10-08,96657,1433,1564,14,NA,NA
2020-10-09,97881,1454,1224,21,NA,NA
2020-10-10,99042,1459,1161,5,NA,NA
2020-10-11,99943,1462,901,3,NA,NA
2020-10-12,100453,1481,510,19,NA,NA
2020-10-13,101422,1491,969,10,NA,NA
2020-10-14,102904,1505,1482,14,NA,NA
2020-10-15,104056,1516,1152,11,NA,NA
2020-10-16,105746,1524,1690,8,NA,NA
2020-10-17,106698,1528,952,4,NA,NA
2020-10-18,107334,1532,636,4,NA,NA
2020-10-19,108060,1548,726,16,NA,NA
2020-10-20,109202,1576,1142,28,NA,NA
2020-10-21,110250,1594,1048,18,NA,NA
2020-10-22,111733,1601,1483,7,NA,NA
2020-10-23,113376,1629,1643,28,NA,NA
2020-10-24,114836,1634,1460,5,NA,NA
2020-10-25,116238,1635,1402,1,NA,NA
2020-10-26,117198,1657,960,22,NA,NA
2020-10-27,118563,1680,1365,23,NA,NA
2020-10-28,120635,1691,2072,11,NA,NA
2020-10-29,122950,1705,2315,14,NA,NA
2020-10-30,125722,1714,2772,9,NA,NA
2020-10-31,128510,1716,2788,2,NA,NA
2020-11-01,130974,1733,2464,17,NA,NA
2020-11-02,132516,1756,1542,23,NA,NA
2020-11-03,134326,1780,1810,24,NA,NA
2020-11-04,137214,1801,2888,21,NA,NA
2020-11-05,142491,1814,5277,13,NA,NA
2020-11-06,145866,1828,3375,14,NA,NA
2020-11-07,150254,1842,4388,14,NA,NA
2020-11-08,154778,1845,4524,3,NA,NA
2020-11-09,159910,1872,5132,27,NA,NA
2020-11-10,163827,1898,3917,26,NA,NA
2020-11-11,168453,1927,4626,29,NA,NA
2020-11-12,173404,1946,4951,19,NA,NA
2020-11-13,178888,1972,5484,26,NA,NA
2020-11-14,183555,1985,4667,13,NA,NA
2020-11-15,186314,1989,2759,4,NA,NA
2020-11-16,189597,2023,3283,34,NA,NA
2020-11-17,193198,2064,3601,41,NA,NA
2020-11-18,197518,2102,4320,38,NA,NA
2020-11-19,201572,2127,4054,25,NA,NA
2020-11-20,205917,2159,4345,32,NA,NA
2020-11-21,209203,2191,3286,32,NA,NA
2020-11-22,211664,2202,2461,11,NA,NA
2020-11-23,214792,2222,3128,20,NA,NA
2020-11-24,217784,2270,2992,48,NA,NA
2020-11-25,221286,2312,3502,42,NA,NA
2020-11-26,223323,2349,2037,37,NA,NA
2020-11-27,225056,2360,1733,11,NA,NA
2020-11-28,227179,2375,2123,15,NA,NA
2020-11-29,228690,2399,1511,24,NA,NA
2020-11-30,230631,2426,1941,27,NA,NA
2020-12-01,233062,2449,2431,23,NA,NA
2020-12-02,236159,2518,3097,69,NA,NA
2020-12-03,238724,2603,2565,85,NA,NA
2020-12-04,241531,2665,2807,62,NA,NA
2020-12-05,243385,2682,1854,17,NA,NA
2020-12-06,244691,2717,1306,35,NA,NA
2020-12-07,245984,2723,1293,6,NA,NA
2020-12-08,247954,2724,1970,1,NA,NA
2020-12-09,250280,2724,2326,0,NA,NA
2020-12-10,252553,2724,2273,0,NA,NA
2020-12-11,253612,3193,1059,469,NA,NA
2020-12-12,255009,3208,1397,15,NA,NA
2020-12-13,256249,3209,1240,1,NA,NA
2020-12-14,257311,3269,1062,60,NA,NA
2020-12-15,258253,3336,942,67,NA,NA
2020-12-16,260774,3350,2521,14,NA,NA
2020-12-17,262210,3450,1436,100,NA,NA
2020-12-18,264707,3450,2497,0,NA,NA
2020-12-19,266959,3532,2252,82,NA,NA
2020-12-20,267329,3588,370,56,NA,NA
2020-12-21,268736,3588,1407,0,NA,NA
2020-12-22,270294,3652,1558,64,NA,NA
2020-12-23,272112,3667,1818,15,NA,NA
2020-12-24,273661,3738,1549,71,NA,NA
2020-12-25,274266,3743,605,5,NA,NA
2020-12-26,274793,3743,527,0,NA,NA
2020-12-27,275299,3744,506,1,NA,NA
2020-12-28,276649,3744,1350,0,NA,NA
2020-12-29,278310,3812,1661,68,NA,NA
2020-12-30,280064,3822,1754,10,NA,NA
2020-12-31,281712,3891,1648,69,NA,NA
2021-01-01,282980,3898,1268,7,NA,NA
2021-01-02,283895,3946,915,48,NA,NA
2021-01-03,284715,3946,820,0,NA,NA
2021-01-04,286356,3992,1641,46,NA,NA
2021-01-05,288298,3999,1942,7,NA,NA
2021-01-06,290776,4060,2478,61,NA,NA
2021-01-07,293189,4065,2413,5,NA,NA
2021-01-08,294762,4124,1573,59,NA,NA
2021-01-09,296171,4127,1409,3,NA,NA
2021-01-10,296682,4138,511,11,NA,NA
2021-01-11,297774,4139,1092,1,NA,NA
2021-01-12,299255,4222,1481,83,NA,NA
2021-01-13,301161,4232,1906,10,NA,NA
2021-01-14,302560,4251,1399,19,NA,NA
2021-01-15,303926,4257,1366,6,NA,NA
2021-01-16,304748,4321,822,64,NA,NA
2021-01-17,305151,4323,403,2,NA,NA
2021-01-18,306083,4324,932,1,NA,NA
2021-01-19,307302,4332,1219,8,NA,NA
2021-01-20,308787,4394,1485,62,NA,NA
2021-01-21,310440,4445,1653,51,NA,NA
2021-01-22,311695,4478,1255,33,NA,NA
2021-01-23,312622,4486,927,8,NA,NA
2021-01-24,313137,4487,515,1,NA,NA
2021-01-25,313909,4488,772,1,NA,NA
2021-01-26,315002,4492,1093,4,NA,NA
2021-01-27,316114,4500,1112,8,NA,NA
2021-01-28,317124,4532,1010,32,NA,NA
2021-01-29,318319,4577,1195,45,NA,NA
2021-01-30,319110,4651,791,74,NA,NA
2021-01-31,319408,4901,298,250,NA,NA
2021-02-01,320187,4906,779,5,NA,NA
2021-02-02,321274,4919,1087,13,NA,NA
2021-02-03,322308,4975,1034,56,NA,NA
2021-02-04,323216,5033,908,58,NA,NA
2021-02-05,323797,5067,581,34,NA,NA
2021-02-06,324306,5108,509,41,NA,NA
2021-02-07,324590,5108,284,0,NA,NA
2021-02-08,325219,5110,629,2,NA,NA
2021-02-09,326150,5145,931,35,NA,NA
2021-02-10,327061,5174,911,29,NA,NA
2021-02-11,327432,5196,371,22,NA,NA
2021-02-12,328565,5223,1133,27,NA,NA
2021-02-13,329039,5236,474,13,NA,NA
2021-02-14,329258,5236,219,0,NA,NA
2021-02-15,329726,5237,468,1,NA,NA
2021-02-16,330318,5263,592,26,NA,NA
2021-02-17,330906,5306,588,43,NA,NA
2021-02-18,331504,5321,598,15,NA,NA
2021-02-19,358806,5336,27302,15,NA,NA
2021-02-20,359344,5336,538,0,NA,NA
2021-02-21,359525,5336,181,0,NA,NA
2021-02-22,360193,5374,668,38,NA,NA
2021-02-23,360903,5400,710,26,NA,NA
2021-02-24,361677,5415,774,15,NA,NA
2021-02-25,362298,5438,621,23,NA,NA
2021-02-26,362951,5463,653,25,NA,NA
2021-02-27,363433,5470,482,7,NA,NA
2021-02-28,363636,5471,203,1,NA,NA
