"date","positive","death","positiveIncrease","deathIncrease","hospitalized","hospitalizedIncrease"
2020-04-13,748,28,21,1,33,-1
2020-04-14,752,29,4,1,64,31
2020-04-15,759,29,7,0,63,-1
2020-04-16,774,33,15,4,58,-5
2020-04-17,779,35,5,2,32,-26
2020-04-18,803,38,24,3,56,24
2020-04-19,813,38,10,0,53,-3
2020-04-20,816,38,3,0,49,-4
2020-04-21,818,40,2,2,41,-8
2020-04-22,823,40,5,0,37,-4
2020-04-23,825,43,2,3,44,7
2020-04-24,827,44,2,1,32,-12
2020-04-25,843,46,16,2,37,5
2020-04-26,851,46,8,0,34,-3
2020-04-27,855,47,4,1,33,-1
2020-04-28,862,47,7,0,NA,NA
2020-04-29,862,47,0,0,NA,NA
2020-04-30,866,49,4,2,NA,NA
2020-05-01,879,50,13,1,NA,NA
2020-05-02,886,51,7,1,NA,NA
2020-05-03,897,53,11,2,NA,NA
2020-05-04,902,52,5,-1,NA,NA
2020-05-05,907,52,5,0,NA,NA
2020-05-06,908,52,1,0,NA,NA
2020-05-07,916,53,8,1,NA,NA
2020-05-08,919,53,3,0,NA,NA
2020-05-09,921,53,2,0,NA,NA
2020-05-10,927,53,6,0,NA,NA
2020-05-11,926,53,-1,0,NA,NA
2020-05-12,927,53,1,0,NA,NA
2020-05-13,929,53,2,0,NA,NA
2020-05-14,932,53,3,0,NA,NA
2020-05-15,933,53,1,0,NA,NA
2020-05-16,934,53,1,0,NA,NA
2020-05-17,940,54,6,1,NA,NA
2020-05-18,940,54,0,0,NA,NA
2020-05-19,944,54,4,0,NA,NA
2020-05-20,944,54,0,0,NA,NA
2020-05-21,950,54,6,0,NA,NA
2020-05-22,952,54,2,0,NA,NA
2020-05-23,954,54,2,0,NA,NA
2020-05-24,956,54,2,0,NA,NA
2020-05-25,962,54,6,0,NA,NA
2020-05-26,967,54,5,0,NA,NA
2020-05-27,971,54,4,0,NA,NA
2020-05-28,974,55,3,1,NA,NA
2020-05-29,975,55,1,0,NA,NA
2020-05-30,977,55,2,0,NA,NA
2020-05-31,981,55,4,0,NA,NA
2020-06-01,983,55,2,0,NA,NA
2020-06-02,988,55,5,0,NA,NA
2020-06-03,990,55,2,0,NA,NA
2020-06-04,1026,55,36,0,NA,NA
2020-06-05,1027,55,1,0,NA,NA
2020-06-06,1046,55,19,0,NA,NA
2020-06-07,1063,55,17,0,NA,NA
2020-06-08,1075,55,12,0,NA,NA
2020-06-09,1084,55,9,0,NA,NA
2020-06-10,1095,55,11,0,NA,NA
2020-06-11,1110,55,15,0,NA,NA
2020-06-12,1119,55,9,0,NA,NA
2020-06-13,1125,55,6,0,NA,NA
2020-06-14,1127,55,2,0,NA,NA
2020-06-15,1128,55,1,0,NA,NA
2020-06-16,1131,55,3,0,NA,NA
2020-06-17,1130,55,-1,0,NA,NA
2020-06-18,1135,56,5,1,NA,NA
2020-06-19,1144,56,9,0,NA,NA
2020-06-20,1147,56,3,0,NA,NA
2020-06-21,1159,56,12,0,NA,NA
2020-06-22,1163,56,4,0,NA,NA
2020-06-23,1164,56,1,0,NA,NA
2020-06-24,1184,56,20,0,NA,NA
2020-06-25,1191,56,7,0,NA,NA
2020-06-26,1198,56,7,0,NA,NA
2020-06-27,1200,56,2,0,NA,NA
2020-06-28,1202,56,2,0,NA,NA
2020-06-29,1208,56,6,0,NA,NA
2020-06-30,1208,56,0,0,NA,NA
2020-07-01,1210,56,2,0,NA,NA
2020-07-02,1227,56,17,0,NA,NA
2020-07-03,1236,56,9,0,NA,NA
2020-07-04,1238,56,2,0,NA,NA
2020-07-05,1249,56,11,0,NA,NA
2020-07-06,1251,56,2,0,NA,NA
2020-07-07,1254,56,3,0,NA,NA
2020-07-08,1256,56,2,0,NA,NA
2020-07-09,1272,56,16,0,NA,NA
2020-07-10,1277,56,5,0,NA,NA
2020-07-11,1283,56,6,0,NA,NA
2020-07-12,1296,56,13,0,NA,NA
2020-07-13,1301,56,5,0,NA,NA
2020-07-14,1305,56,4,0,NA,NA
2020-07-15,1318,56,13,0,NA,NA
2020-07-16,1325,56,7,0,NA,NA
2020-07-17,1334,56,9,0,NA,NA
2020-07-18,1338,56,4,0,NA,NA
2020-07-19,1350,56,12,0,NA,NA
2020-07-20,1360,56,10,0,NA,NA
2020-07-21,1366,56,6,0,NA,NA
2020-07-22,1366,56,0,0,NA,NA
2020-07-23,1377,56,11,0,NA,NA
2020-07-24,1385,56,8,0,NA,NA
2020-07-25,1396,56,11,0,NA,NA
2020-07-26,1400,56,4,0,NA,NA
2020-07-27,1402,56,2,0,NA,NA
2020-07-28,1405,56,3,0,NA,NA
2020-07-29,1406,56,1,0,NA,NA
2020-07-30,1407,57,1,1,NA,NA
2020-07-31,1414,57,7,0,NA,NA
2020-08-01,1421,57,7,0,NA,NA
2020-08-02,1426,57,5,0,NA,NA
2020-08-03,1427,57,1,0,NA,NA
2020-08-04,1431,57,4,0,NA,NA
2020-08-05,1436,57,5,0,NA,NA
2020-08-06,1445,58,9,1,NA,NA
2020-08-07,1448,58,3,0,NA,NA
2020-08-08,1454,58,6,0,NA,NA
2020-08-09,1459,58,5,0,NA,NA
2020-08-10,1462,58,3,0,NA,NA
2020-08-11,1472,58,10,0,NA,NA
2020-08-12,1478,58,6,0,NA,NA
2020-08-13,1484,58,6,0,NA,NA
2020-08-14,1501,58,17,0,NA,NA
2020-08-15,1509,58,8,0,NA,NA
2020-08-16,1515,58,6,0,NA,NA
2020-08-17,1527,58,12,0,NA,NA
2020-08-18,1530,58,3,0,NA,NA
2020-08-19,1533,58,3,0,NA,NA
2020-08-20,1537,58,4,0,NA,NA
2020-08-21,1541,58,4,0,NA,NA
2020-08-22,1553,58,12,0,NA,NA
2020-08-23,1557,58,4,0,NA,NA
2020-08-24,1566,58,9,0,NA,NA
2020-08-25,1572,58,6,0,NA,NA
2020-08-26,1577,58,5,0,NA,NA
2020-08-27,1586,58,9,0,NA,NA
2020-08-28,1589,58,3,0,NA,NA
2020-08-29,1605,58,16,0,NA,NA
2020-08-30,1616,58,11,0,NA,NA
2020-08-31,1624,58,8,0,NA,NA
2020-09-01,1635,58,11,0,NA,NA
2020-09-02,1637,58,2,0,NA,NA
2020-09-03,1637,58,0,0,NA,NA
2020-09-04,1642,58,5,0,NA,NA
2020-09-05,1647,58,5,0,NA,NA
2020-09-06,1648,58,1,0,NA,NA
2020-09-07,1651,58,3,0,NA,NA
2020-09-08,1654,58,3,0,NA,NA
2020-09-09,1656,58,2,0,NA,NA
2020-09-10,1661,58,5,0,NA,NA
2020-09-11,1668,58,7,0,NA,NA
2020-09-12,1677,58,9,0,NA,NA
2020-09-13,1684,58,7,0,NA,NA
2020-09-14,1696,58,12,0,NA,NA
2020-09-15,1702,58,6,0,NA,NA
2020-09-16,1702,58,0,0,NA,NA
2020-09-17,1705,58,3,0,NA,NA
2020-09-18,1706,58,1,0,NA,NA
2020-09-19,1710,58,4,0,NA,NA
2020-09-20,1715,58,5,0,NA,NA
2020-09-21,1719,58,4,0,NA,NA
2020-09-22,1721,58,2,0,NA,NA
2020-09-23,1722,58,1,0,NA,NA
2020-09-24,1724,58,2,0,NA,NA
2020-09-25,1731,58,7,0,NA,NA
2020-09-26,1739,58,8,0,NA,NA
2020-09-27,1742,58,3,0,NA,NA
2020-09-28,1745,58,3,0,NA,NA
2020-09-29,1749,58,4,0,NA,NA
2020-09-30,1752,58,3,0,NA,NA
2020-10-01,1755,58,3,0,NA,NA
2020-10-02,1768,58,13,0,NA,NA
2020-10-03,1778,58,10,0,NA,NA
2020-10-04,1785,58,7,0,NA,NA
2020-10-05,1817,58,32,0,NA,NA
2020-10-06,1821,58,4,0,NA,NA
2020-10-07,1827,58,6,0,NA,NA
2020-10-08,1838,58,11,0,NA,NA
2020-10-09,1846,58,8,0,NA,NA
2020-10-10,1857,58,11,0,NA,NA
2020-10-11,1868,58,11,0,NA,NA
2020-10-12,1876,58,8,0,NA,NA
2020-10-13,1886,58,10,0,NA,NA
2020-10-14,1889,58,3,0,NA,NA
2020-10-15,1903,58,14,0,NA,NA
2020-10-16,1915,58,12,0,NA,NA
2020-10-17,1926,58,11,0,NA,NA
2020-10-18,1937,58,11,0,NA,NA
2020-10-19,1946,58,9,0,NA,NA
2020-10-20,1956,58,10,0,NA,NA
2020-10-21,1971,58,15,0,NA,NA
2020-10-22,1987,58,16,0,NA,NA
2020-10-23,2016,58,29,0,NA,NA
2020-10-24,2043,58,27,0,NA,NA
2020-10-25,2073,58,30,0,NA,NA
2020-10-26,2083,58,10,0,NA,NA
2020-10-27,2113,58,30,0,NA,NA
2020-10-28,2120,58,7,0,NA,NA
2020-10-29,2141,58,21,0,NA,NA
2020-10-30,2155,58,14,0,NA,NA
2020-10-31,2179,58,24,0,NA,NA
2020-11-01,2196,58,17,0,NA,NA
2020-11-02,2219,58,23,0,NA,NA
2020-11-03,2237,58,18,0,NA,NA
2020-11-04,2267,58,30,0,NA,NA
2020-11-05,2303,58,36,0,NA,NA
2020-11-06,2326,58,23,0,NA,NA
2020-11-07,2347,59,21,1,NA,NA
2020-11-08,2392,59,45,0,NA,NA
2020-11-09,2415,59,23,0,NA,NA
2020-11-10,2462,59,47,0,NA,NA
2020-11-11,2535,59,73,0,NA,NA
2020-11-12,2651,59,116,0,NA,NA
2020-11-13,2743,59,92,0,NA,NA
2020-11-14,2843,59,100,0,NA,NA
2020-11-15,2889,59,46,0,NA,NA
2020-11-16,3008,59,119,0,NA,NA
2020-11-17,3104,59,96,0,NA,NA
2020-11-18,3161,60,57,1,NA,NA
2020-11-19,3310,61,149,1,NA,NA
2020-11-20,3459,62,149,1,NA,NA
2020-11-21,3546,63,87,1,NA,NA
2020-11-22,3629,63,83,0,NA,NA
2020-11-23,3714,63,85,0,NA,NA
2020-11-24,3762,64,48,1,NA,NA
2020-11-25,3827,64,65,0,NA,NA
2020-11-26,3827,64,0,0,NA,NA
2020-11-27,4005,67,178,3,NA,NA
2020-11-28,4033,67,28,0,NA,NA
2020-11-29,4100,67,67,0,NA,NA
2020-11-30,4172,69,72,2,NA,NA
2020-12-01,4239,72,67,3,NA,NA
2020-12-02,4461,74,222,2,NA,NA
2020-12-03,4642,75,181,1,NA,NA
2020-12-04,4763,77,121,2,NA,NA
2020-12-05,4894,79,131,2,NA,NA
2020-12-06,5015,79,121,0,NA,NA
2020-12-07,5080,81,65,2,NA,NA
2020-12-08,5180,85,100,4,NA,NA
2020-12-09,5285,86,105,1,NA,NA
2020-12-10,5413,89,128,3,NA,NA
2020-12-11,5541,93,128,4,NA,NA
2020-12-12,5626,95,85,2,NA,NA
2020-12-13,5753,95,127,0,NA,NA
2020-12-14,5857,96,104,1,NA,NA
2020-12-15,5923,100,66,4,NA,NA
2020-12-16,6009,105,86,5,NA,NA
2020-12-17,6149,105,140,0,NA,NA
2020-12-18,6243,107,94,2,NA,NA
2020-12-19,6343,108,100,1,NA,NA
2020-12-20,6443,111,100,3,NA,NA
2020-12-21,6534,111,91,0,NA,NA
2020-12-22,6608,112,74,1,NA,NA
2020-12-23,6680,117,72,5,NA,NA
2020-12-24,6781,120,101,3,NA,NA
2020-12-25,6781,120,0,0,NA,NA
2020-12-26,6966,121,185,1,NA,NA
2020-12-27,7029,127,63,6,NA,NA
2020-12-28,7120,129,91,2,NA,NA
2020-12-29,7202,130,82,1,NA,NA
2020-12-30,7276,134,74,4,NA,NA
2020-12-31,7412,136,136,2,NA,NA
2021-01-01,7412,136,0,0,NA,NA
2021-01-02,7689,139,277,3,NA,NA
2021-01-03,7793,140,104,1,NA,NA
2021-01-04,7873,144,80,4,NA,NA
2021-01-05,8038,149,165,5,NA,NA
2021-01-06,8158,152,120,3,NA,NA
2021-01-07,8403,155,245,3,NA,NA
2021-01-08,8619,156,216,1,NA,NA
2021-01-09,8790,156,171,0,NA,NA
2021-01-10,8967,156,177,0,NA,NA
2021-01-11,9078,156,111,0,NA,NA
2021-01-12,9247,158,169,2,NA,NA
2021-01-13,9368,158,121,0,NA,NA
2021-01-14,9573,162,205,4,NA,NA
2021-01-15,9734,163,161,1,NA,NA
2021-01-16,9915,163,181,0,NA,NA
2021-01-17,10057,163,142,0,NA,NA
2021-01-18,10220,163,163,0,NA,NA
2021-01-19,10321,163,101,0,NA,NA
2021-01-20,10471,165,150,2,NA,NA
2021-01-21,10580,168,109,3,NA,NA
2021-01-22,10759,169,179,1,NA,NA
2021-01-23,10908,170,149,1,NA,NA
2021-01-24,11033,170,125,0,NA,NA
2021-01-25,11165,171,132,1,NA,NA
2021-01-26,11285,171,120,0,NA,NA
2021-01-27,11379,172,94,1,NA,NA
2021-01-28,11523,172,144,0,NA,NA
2021-01-29,11658,172,135,0,NA,NA
2021-01-30,11831,173,173,1,NA,NA
2021-01-31,11965,174,134,1,NA,NA
2021-02-01,12083,175,118,1,NA,NA
2021-02-02,12196,176,113,1,NA,NA
2021-02-03,12329,179,133,3,NA,NA
2021-02-04,12503,181,174,2,NA,NA
2021-02-05,12612,181,109,0,NA,NA
2021-02-06,12766,182,154,1,NA,NA
2021-02-07,12900,183,134,1,NA,NA
2021-02-08,13046,183,146,0,NA,NA
2021-02-09,13105,186,59,3,NA,NA
2021-02-10,13122,187,17,1,NA,NA
2021-02-11,13249,188,127,1,NA,NA
2021-02-12,13415,189,166,1,NA,NA
2021-02-13,13561,189,146,0,NA,NA
2021-02-14,13677,189,116,0,NA,NA
2021-02-15,13862,190,185,1,NA,NA
2021-02-16,13917,191,55,1,NA,NA
2021-02-17,13996,191,79,0,NA,NA
2021-02-18,14149,193,153,2,NA,NA
2021-02-19,14251,193,102,0,NA,NA
2021-02-20,14359,196,108,3,NA,NA
2021-02-21,14493,197,134,1,NA,NA
2021-02-22,14608,198,115,1,NA,NA
2021-02-23,14691,199,83,1,NA,NA
2021-02-24,14768,201,77,2,NA,NA
2021-02-25,14840,203,72,2,NA,NA
2021-02-26,14963,204,123,1,NA,NA
2021-02-27,15098,204,135,0,NA,NA
2021-02-28,15198,204,100,0,NA,NA
