"date","positive","death","positiveIncrease","deathIncrease","hospitalized","hospitalizedIncrease"
2020-04-13,3870,99,203,6,457,20
2020-04-14,4041,114,171,15,493,36
2020-04-15,4307,118,266,4,525,32
2020-04-16,4465,133,158,15,553,28
2020-04-17,4557,148,92,15,594,41
2020-04-18,4788,153,231,5,620,26
2020-04-19,4978,157,190,4,641,21
2020-04-20,5163,163,185,6,641,0
2020-04-21,5404,183,241,20,699,58
2020-04-22,5692,196,288,13,730,31
2020-04-23,5899,202,207,6,768,38
2020-04-24,6092,209,193,7,769,1
2020-04-25,6274,209,182,0,839,70
2020-04-26,6475,219,201,10,845,6
2020-04-27,6621,228,146,9,872,27
2020-04-28,6820,242,199,14,911,39
2020-04-29,6979,256,159,14,945,34
2020-04-30,7187,272,208,16,978,33
2020-05-01,7440,289,253,17,1008,30
2020-05-02,7700,288,260,-1,1023,15
2020-05-03,7977,290,277,2,1035,12
2020-05-04,8203,298,226,8,1064,29
2020-05-05,8520,315,317,17,1107,43
2020-05-06,8769,343,249,28,1158,51
2020-05-07,9115,369,346,26,1178,20
2020-05-08,9437,383,322,14,1207,29
2020-05-09,9720,390,283,7,1228,21
2020-05-10,9982,393,262,3,1240,12
2020-05-11,10262,403,280,10,1256,16
2020-05-12,10566,435,304,32,1287,31
2020-05-13,10822,450,256,15,1317,30
2020-05-14,11161,473,339,23,1350,33
2020-05-15,11494,483,333,10,1377,27
2020-05-16,11828,485,334,2,1387,10
2020-05-17,12137,488,309,3,1392,5
2020-05-18,12438,489,301,1,1416,24
2020-05-19,12825,504,387,15,1453,37
2020-05-20,13186,522,361,18,1493,40
2020-05-21,13590,529,404,7,1528,35
2020-05-22,13954,541,364,12,1561,33
2020-05-23,14328,549,374,8,1589,28
2020-05-24,14676,551,348,2,1612,23
2020-05-25,15309,566,633,15,1629,17
2020-05-26,15899,580,590,14,1671,42
2020-05-27,16263,583,364,3,1719,48
2020-05-28,16749,591,486,8,1765,46
2020-05-29,17262,610,513,19,1800,35
2020-05-30,17689,618,427,8,1826,26
2020-05-31,18200,630,511,12,1844,18
2020-06-01,18525,646,325,16,1856,12
2020-06-02,18734,653,209,7,1879,23
2020-06-03,18954,653,220,0,1900,21
2020-06-04,19262,653,308,0,1929,29
2020-06-05,19910,676,648,23,1949,20
2020-06-06,20355,689,445,13,1993,44
2020-06-07,20777,692,422,3,2022,29
2020-06-08,21268,718,491,26,2054,32
2020-06-09,21834,729,566,11,2087,33
2020-06-10,22659,744,825,15,2129,42
2020-06-11,23370,755,711,11,2165,36
2020-06-12,24405,769,1035,14,2202,37
2020-06-13,25364,773,959,4,2241,39
2020-06-14,26182,773,818,0,2255,14
2020-06-15,26485,774,303,1,2259,4
2020-06-16,27034,785,549,11,2315,56
2020-06-17,27941,790,907,5,2352,37
2020-06-18,28676,810,735,20,2373,21
2020-06-19,29225,822,549,12,2416,43
2020-06-20,29683,838,458,16,2443,27
2020-06-21,30122,839,439,1,2460,17
2020-06-22,30771,841,649,2,2471,11
2020-06-23,31889,864,1118,23,2521,50
2020-06-24,32878,891,989,27,2567,46
2020-06-25,33880,896,1002,5,2612,45
2020-06-26,34903,907,1023,11,2653,41
2020-06-27,35083,919,180,12,2697,44
2020-06-28,36503,919,1420,0,2703,6
2020-06-29,37589,929,1086,10,2725,22
2020-06-30,38477,950,888,21,2769,44
2020-07-01,39647,972,1170,22,2803,34
2020-07-02,41340,985,1693,13,2835,32
2020-07-03,42255,1006,915,21,2883,48
2020-07-04,43216,1007,961,1,2906,23
2020-07-05,44022,1007,806,0,2909,3
2020-07-06,44932,1007,910,0,2914,5
2020-07-07,46348,1033,1416,26,2961,47
2020-07-08,48149,1058,1801,25,3006,45
2020-07-09,49695,1068,1546,10,3039,33
2020-07-10,51329,1104,1634,36,3089,50
2020-07-11,52802,1114,1473,10,6745,3656
2020-07-12,54781,1121,1979,7,6745,0
2020-07-13,56168,1124,1387,3,6745,0
2020-07-14,58284,1164,2116,40,7123,378
2020-07-15,60194,1211,1910,47,7291,168
2020-07-16,62128,1230,1934,19,7584,293
2020-07-17,64152,1265,2024,35,7584,0
2020-07-18,66181,1286,2029,21,7782,198
2020-07-19,67733,1287,1552,1,7782,0
2020-07-20,69236,1291,1503,4,8368,586
2020-07-21,70600,1303,1364,12,8538,170
2020-07-22,72594,1364,1994,61,8538,0
2020-07-23,74685,1397,2091,33,8995,457
2020-07-24,76795,1438,2110,41,9157,162
2020-07-25,78188,1456,1393,18,9157,0
2020-07-26,79948,1473,1760,17,9157,0
2020-07-27,81256,1491,1308,18,9694,537
2020-07-28,82698,1491,1442,0,9893,199
2020-07-29,84652,1538,1954,47,9893,0
2020-07-30,86664,1565,2012,27,10070,177
2020-07-31,88266,1580,1602,15,10521,451
2020-08-01,90299,1603,2033,23,10521,0
2020-08-02,91458,1627,1159,24,10521,0
2020-08-03,92502,1633,1044,6,10865,344
2020-08-04,93457,1666,955,33,11100,235
2020-08-05,95323,1695,1866,29,11100,0
2020-08-06,97044,1714,1721,19,11313,213
2020-08-07,98895,1735,1851,21,11537,224
2020-08-08,99854,1755,959,20,11537,0
2020-08-09,101466,1768,1612,13,11537,0
2020-08-10,102391,1797,925,29,12070,533
2020-08-11,103485,1847,1094,50,12070,0
2020-08-12,104219,1882,734,35,12292,222
2020-08-13,104976,1890,757,8,12456,164
2020-08-14,106096,1893,1120,3,12456,0
2020-08-15,106926,1896,830,3,12607,151
2020-08-16,107667,1898,741,2,12607,0
2020-08-17,109092,1925,1425,27,12958,351
2020-08-18,110415,1936,1323,11,12958,0
2020-08-19,111696,1944,1281,8,13080,122
2020-08-20,112737,1974,1041,30,13330,250
2020-08-21,114212,1996,1475,22,13330,0
2020-08-22,114809,2011,597,15,13502,172
2020-08-23,115485,2013,676,2,13502,0
2020-08-24,116045,2024,560,11,13793,291
2020-08-25,118190,2037,2145,13,13793,0
2020-08-26,119904,2045,1714,8,14005,212
2020-08-27,121041,2076,1137,31,14005,0
2020-08-28,122879,2107,1838,31,NA,NA
2020-08-29,124155,2152,1276,45,NA,NA
2020-08-30,124944,2162,789,10,NA,NA
2020-08-31,126500,2182,1556,20,NA,NA
2020-09-01,127234,2200,734,18,NA,NA
2020-09-02,128240,2217,1006,17,NA,NA
2020-09-03,129225,2233,985,16,NA,NA
2020-09-04,130373,2266,1148,33,NA,NA
2020-09-05,130914,2275,541,9,NA,NA
2020-09-06,131690,2276,776,1,NA,NA
2020-09-07,132221,2276,531,0,NA,NA
2020-09-08,133005,2277,784,1,NA,NA
2020-09-09,134061,2285,1056,8,NA,NA
2020-09-10,135138,2301,1077,16,NA,NA
2020-09-11,136107,2333,969,32,NA,NA
2020-09-12,137166,2350,1059,17,NA,NA
2020-09-13,137861,2351,695,1,NA,NA
2020-09-14,138619,2355,758,4,NA,NA
2020-09-15,139660,2387,1041,32,NA,NA
2020-09-16,140423,2392,763,5,NA,NA
2020-09-17,141454,2401,1031,9,NA,NA
2020-09-18,142768,2428,1314,27,NA,NA
2020-09-19,143578,2437,810,9,NA,NA
2020-09-20,144325,2437,747,0,NA,NA
2020-09-21,145202,2439,877,2,NA,NA
2020-09-22,145859,2457,657,18,NA,NA
2020-09-23,146897,2488,1038,31,NA,NA
2020-09-24,149263,2506,2366,18,NA,NA
2020-09-25,150239,2491,976,-15,NA,NA
2020-09-26,150965,2501,726,10,NA,NA
2020-09-27,151604,2501,639,0,NA,NA
2020-09-28,152350,2501,746,0,NA,NA
2020-09-29,153584,2517,1234,16,NA,NA
2020-09-30,154772,2540,1188,23,NA,NA
2020-10-01,155727,2548,955,8,NA,NA
2020-10-02,157402,2550,1675,2,NA,NA
2020-10-03,158181,2558,779,8,NA,NA
2020-10-04,158717,2558,536,0,NA,NA
2020-10-05,159476,2559,759,1,NA,NA
2020-10-06,160485,2580,1009,21,NA,NA
2020-10-07,161085,2601,600,21,NA,NA
2020-10-08,162683,2637,1598,36,NA,NA
2020-10-09,163897,2653,1214,16,NA,NA
2020-10-10,164698,2664,801,11,NA,NA
2020-10-11,165414,2664,716,0,NA,NA
2020-10-12,166514,2665,1100,1,NA,NA
2020-10-13,167396,2665,882,0,NA,NA
2020-10-14,168620,2706,1224,41,NA,NA
2020-10-15,169845,2756,1225,50,NA,NA
2020-10-16,171157,2786,1312,30,NA,NA
2020-10-17,172137,2788,980,2,NA,NA
2020-10-18,173002,2788,865,0,NA,NA
2020-10-19,174078,2789,1076,1,NA,NA
2020-10-20,175210,2805,1132,16,NA,NA
2020-10-21,176605,2828,1395,23,NA,NA
2020-10-22,180437,2843,3832,15,NA,NA
2020-10-23,182567,2859,2130,16,NA,NA
2020-10-24,183831,2866,1264,7,NA,NA
2020-10-25,184723,2866,892,0,NA,NA
2020-10-26,185938,2866,1215,0,NA,NA
2020-10-27,187267,2892,1329,26,NA,NA
2020-10-28,188775,2911,1508,19,NA,NA
2020-10-29,190113,2914,1338,3,NA,NA
2020-10-30,191932,2932,1819,18,NA,NA
2020-10-31,193613,2967,1681,35,NA,NA
2020-11-01,194458,2973,845,6,NA,NA
2020-11-02,195692,2973,1234,0,NA,NA
2020-11-03,197504,2987,1812,14,NA,NA
2020-11-04,198927,3006,1423,19,NA,NA
2020-11-05,200528,3026,1601,20,NA,NA
2020-11-06,202131,3049,1603,23,NA,NA
2020-11-07,203518,3082,1387,33,NA,NA
2020-11-08,204665,3084,1147,2,NA,NA
2020-11-09,206523,3084,1858,0,NA,NA
2020-11-10,206562,3120,39,36,NA,NA
2020-11-11,208637,3201,2075,81,NA,NA
2020-11-12,210637,3213,2000,12,NA,NA
2020-11-13,213617,3231,2980,18,NA,NA
2020-11-14,215843,3246,2226,15,NA,NA
2020-11-15,217822,3248,1979,2,NA,NA
2020-11-16,219232,3249,1410,1,NA,NA
2020-11-17,220848,3301,1616,52,NA,NA
2020-11-18,223486,3347,2638,46,NA,NA
2020-11-19,225910,3419,2424,72,NA,NA
2020-11-20,228373,3451,2463,32,NA,NA
2020-11-21,230708,3457,2335,6,NA,NA
2020-11-22,232506,3457,1798,0,NA,NA
2020-11-23,234080,3459,1574,2,NA,NA
2020-11-24,236865,3472,2785,13,NA,NA
2020-11-25,239318,3532,2453,60,NA,NA
2020-11-26,241957,3572,2639,40,NA,NA
2020-11-27,242874,3572,917,0,NA,NA
2020-11-28,244993,3572,2119,0,NA,NA
2020-11-29,247229,3577,2236,5,NA,NA
2020-11-30,249524,3578,2295,1,NA,NA
2020-12-01,252900,3638,3376,60,NA,NA
2020-12-02,256828,3711,3928,73,NA,NA
2020-12-03,260359,3776,3531,65,NA,NA
2020-12-04,264199,3831,3840,55,NA,NA
2020-12-05,267589,3877,3390,46,NA,NA
2020-12-06,269877,3889,2288,12,NA,NA
2020-12-07,272229,3892,2352,3,NA,NA
2020-12-08,276665,3942,4436,50,NA,NA
2020-12-09,280187,3985,3522,43,NA,NA
2020-12-10,284922,4034,4735,49,NA,NA
2020-12-11,288775,4086,3853,52,NA,NA
2020-12-12,292841,4102,4066,16,NA,NA
2020-12-13,295631,4102,2790,0,NA,NA
2020-12-14,297895,4102,2264,0,NA,NA
2020-12-15,301533,4124,3638,22,NA,NA
2020-12-16,305640,4198,4107,74,NA,NA
2020-12-17,310335,4254,4695,56,NA,NA
2020-12-18,315683,4296,5348,42,NA,NA
2020-12-19,319904,4389,4221,93,NA,NA
2020-12-20,322452,4389,2548,0,NA,NA
2020-12-21,324832,4389,2380,0,NA,NA
2020-12-22,329811,4452,4979,63,NA,NA
2020-12-23,334569,4587,4758,135,NA,NA
2020-12-24,338801,4676,4232,89,NA,NA
2020-12-25,342426,4680,3625,4,NA,NA
2020-12-26,343458,4685,1032,5,NA,NA
2020-12-27,345628,4691,2170,6,NA,NA
2020-12-28,347897,4712,2269,21,NA,NA
2020-12-29,351804,4737,3907,25,NA,NA
2020-12-30,356820,4774,5016,37,NA,NA
2020-12-31,361226,4827,4406,53,NA,NA
2021-01-01,365747,4872,4521,45,NA,NA
2021-01-02,369458,4872,3711,0,NA,NA
2021-01-03,371934,4873,2476,1,NA,NA
2021-01-04,374095,4878,2161,5,NA,NA
2021-01-05,379593,4886,5498,8,NA,NA
2021-01-06,384184,4994,4591,108,NA,NA
2021-01-07,389230,5080,5046,86,NA,NA
2021-01-08,394287,5191,5057,111,NA,NA
2021-01-09,399150,5299,4863,108,NA,NA
2021-01-10,401900,5334,2750,35,NA,NA
2021-01-11,404000,5347,2100,13,NA,NA
2021-01-12,407848,5573,3848,226,NA,NA
2021-01-13,410995,5760,3147,187,NA,NA
2021-01-14,414583,5945,3588,185,NA,NA
2021-01-15,417528,6030,2945,85,NA,NA
2021-01-16,420681,6119,3153,89,NA,NA
2021-01-17,422598,6120,1917,1,NA,NA
2021-01-18,424028,6121,1430,1,NA,NA
2021-01-19,426543,6126,2515,5,NA,NA
2021-01-20,429655,6283,3112,157,NA,NA
2021-01-21,432536,6379,2881,96,NA,NA
2021-01-22,436087,6486,3551,107,NA,NA
2021-01-23,439442,6657,3355,171,NA,NA
2021-01-24,441170,6660,1728,3,NA,NA
2021-01-25,443009,6662,1839,2,NA,NA
2021-01-26,445909,6896,2900,234,NA,NA
2021-01-27,449086,7172,3177,276,NA,NA
2021-01-28,452734,7340,3648,168,NA,NA
2021-01-29,455582,7566,2848,226,NA,NA
2021-01-30,455582,7566,0,0,NA,NA
2021-01-31,459639,7688,4057,122,NA,NA
2021-02-01,460860,7688,1221,0,NA,NA
2021-02-02,462938,7894,2078,206,NA,NA
2021-02-03,465056,8203,2118,309,NA,NA
2021-02-04,467823,8365,2767,162,NA,NA
2021-02-05,469319,8449,1496,84,NA,NA
2021-02-06,471311,8513,1992,64,NA,NA
2021-02-07,472423,8515,1112,2,NA,NA
2021-02-08,473348,8523,925,8,NA,NA
2021-02-09,474666,8579,1318,56,NA,NA
2021-02-10,476067,8888,1401,309,NA,NA
2021-02-11,477570,9021,1503,133,NA,NA
2021-02-12,478667,9180,1097,159,NA,NA
2021-02-13,479856,9242,1189,62,NA,NA
2021-02-14,480931,9242,1075,0,NA,NA
2021-02-15,481605,9244,674,2,NA,NA
2021-02-16,482488,9257,883,13,NA,NA
2021-02-17,483167,9346,679,89,NA,NA
2021-02-18,484365,9424,1198,78,NA,NA
2021-02-19,485212,9573,847,149,NA,NA
2021-02-20,485986,9590,774,17,NA,NA
2021-02-21,486843,9592,857,2,NA,NA
2021-02-22,487520,9592,677,0,NA,NA
2021-02-23,488973,9660,1453,68,NA,NA
2021-02-24,490220,9744,1247,84,NA,NA
2021-02-25,491110,9831,890,87,NA,NA
2021-02-26,491849,9869,739,38,NA,NA
2021-02-27,492683,9930,834,61,NA,NA
2021-02-28,493252,9929,569,-1,NA,NA
