"date","positive","death","positiveIncrease","deathIncrease","hospitalized","hospitalizedIncrease"
2020-04-13,985,23,56,0,152,6
2020-04-14,922,25,-63,2,152,0
2020-04-15,1139,32,217,7,178,26
2020-04-16,1139,32,0,0,178,0
2020-04-17,1287,37,148,5,190,12
2020-04-18,1342,38,55,1,190,0
2020-04-19,1390,38,48,0,192,2
2020-04-20,1447,42,57,4,198,6
2020-04-21,1490,42,43,0,206,8
2020-04-22,1588,48,98,6,206,0
2020-04-23,1670,51,82,3,213,7
2020-04-24,1720,53,50,2,224,11
2020-04-25,1797,53,77,0,224,0
2020-04-26,1864,60,67,7,238,14
2020-04-27,1938,60,74,0,242,4
2020-04-28,2010,60,72,0,246,4
2020-04-29,2058,60,48,0,249,3
2020-04-30,2146,72,88,12,259,10
2020-05-01,2310,81,164,9,262,3
2020-05-02,2429,84,119,3,270,8
2020-05-03,2518,86,89,2,277,7
2020-05-04,2588,86,70,0,286,9
2020-05-05,2636,92,48,6,286,0
2020-05-06,2741,92,105,0,295,9
2020-05-07,2843,114,102,22,307,12
2020-05-08,2947,121,104,7,308,1
2020-05-09,3011,131,64,10,309,1
2020-05-10,3071,133,60,2,313,4
2020-05-11,3160,133,89,0,318,5
2020-05-12,3239,142,79,9,318,0
2020-05-13,3299,150,60,8,319,1
2020-05-14,3382,151,83,1,326,7
2020-05-15,3453,151,71,0,335,9
2020-05-16,3556,171,103,20,335,0
2020-05-17,3596,172,40,1,347,12
2020-05-18,3652,172,56,0,359,12
2020-05-19,3721,172,69,0,368,9
2020-05-20,3868,190,147,18,383,15
2020-05-21,3935,199,67,9,385,2
2020-05-22,4014,204,79,5,393,8
2020-05-23,4089,208,75,4,419,26
2020-05-24,4149,209,60,1,419,0
2020-05-25,4197,210,48,1,419,0
2020-05-26,4231,214,34,4,420,1
2020-05-27,4286,223,55,9,421,1
2020-05-28,4389,232,103,9,426,5
2020-05-29,4492,238,103,6,438,12
2020-05-30,4492,238,0,0,440,2
2020-05-31,4651,245,159,7,449,9
2020-06-01,4685,245,34,0,451,2
2020-06-02,4749,256,64,11,456,5
2020-06-03,4795,265,46,9,462,6
2020-06-04,4876,273,81,8,468,6
2020-06-05,4953,278,77,5,472,4
2020-06-06,5019,283,66,5,487,15
2020-06-07,5043,286,24,3,487,0
2020-06-08,5079,286,36,0,489,2
2020-06-09,5079,286,0,0,492,3
2020-06-10,5178,301,99,15,496,4
2020-06-11,5209,308,31,7,500,4
2020-06-12,5251,315,42,7,504,4
2020-06-13,5299,318,48,3,503,-1
2020-06-14,5318,320,19,2,513,10
2020-06-15,5345,320,27,0,519,6
2020-06-16,5364,326,19,6,519,0
2020-06-17,5436,330,72,4,521,2
2020-06-18,5450,331,14,1,531,10
2020-06-19,5486,337,36,6,533,2
2020-06-20,5518,339,32,2,549,16
2020-06-21,5544,339,26,0,551,2
2020-06-22,5558,339,14,0,553,2
2020-06-23,5571,343,13,4,558,5
2020-06-24,5598,347,27,4,558,0
2020-06-25,5638,357,40,10,558,0
2020-06-26,5671,365,33,8,561,3
2020-06-27,5717,367,46,2,561,0
2020-06-28,5747,367,30,0,562,1
2020-06-29,5760,367,13,0,565,3
2020-06-30,5782,371,22,4,565,0
2020-07-01,5802,373,20,2,565,0
2020-07-02,5822,375,20,2,565,0
2020-07-03,5857,376,35,1,567,2
2020-07-04,5872,379,15,3,569,2
2020-07-05,5897,381,25,2,569,0
2020-07-06,5914,382,17,1,570,1
2020-07-07,5932,384,18,2,574,4
2020-07-08,5952,386,20,2,577,3
2020-07-09,5973,387,21,1,578,1
2020-07-10,5991,390,18,3,581,3
2020-07-11,6024,391,33,1,585,4
2020-07-12,6054,391,30,0,589,4
2020-07-13,6068,391,14,0,589,0
2020-07-14,6091,392,23,1,589,0
2020-07-15,6113,394,22,2,665,76
2020-07-16,6139,395,26,1,668,3
2020-07-17,6165,395,26,0,670,2
2020-07-18,6188,396,23,1,670,0
2020-07-19,6203,398,15,2,673,3
2020-07-20,6249,398,46,0,673,0
2020-07-21,6262,400,13,2,673,0
2020-07-22,6295,402,33,2,677,4
2020-07-23,6318,405,23,3,680,3
2020-07-24,6375,407,57,2,681,1
2020-07-25,6415,409,40,2,686,5
2020-07-26,6436,409,21,0,688,2
2020-07-27,6441,409,5,0,688,0
2020-07-28,6500,409,59,0,690,2
2020-07-29,6513,411,13,2,690,0
2020-07-30,6544,415,31,4,690,0
2020-07-31,6583,415,39,0,692,2
2020-08-01,6614,416,31,1,695,3
2020-08-02,6634,417,20,1,695,0
2020-08-03,6660,417,26,0,696,1
2020-08-04,6693,418,33,1,697,1
2020-08-05,6719,418,26,0,698,1
2020-08-06,6742,419,23,1,698,0
2020-08-07,6779,419,37,0,699,1
2020-08-08,6818,419,39,0,700,1
2020-08-09,6835,419,17,0,701,1
2020-08-10,6840,419,5,0,704,3
2020-08-11,6861,419,21,0,705,1
2020-08-12,6887,420,26,1,705,0
2020-08-13,6921,422,34,2,705,0
2020-08-14,6964,423,43,1,705,0
2020-08-15,6980,423,16,0,706,1
2020-08-16,6988,423,8,0,708,2
2020-08-17,7004,423,16,0,709,1
2020-08-18,7017,424,13,1,712,3
2020-08-19,7036,427,19,3,712,0
2020-08-20,7050,428,14,1,710,-2
2020-08-21,7071,428,21,0,710,0
2020-08-22,7094,429,23,1,710,0
2020-08-23,7107,429,13,0,711,1
2020-08-24,7140,429,33,0,712,1
2020-08-25,7156,429,16,0,713,1
2020-08-26,7156,429,0,0,713,0
2020-08-27,7194,431,38,2,713,0
2020-08-28,7216,432,22,1,NA,NA
2020-08-29,7246,432,30,0,NA,NA
2020-08-30,7254,432,8,0,NA,NA
2020-08-31,7275,432,21,0,NA,NA
2020-09-01,7297,432,22,0,NA,NA
2020-09-02,7309,432,12,0,NA,NA
2020-09-03,7347,432,38,0,NA,NA
2020-09-04,7368,432,21,0,NA,NA
2020-09-05,7424,432,56,0,NA,NA
2020-09-06,7447,433,23,1,NA,NA
2020-09-07,7476,433,29,0,NA,NA
2020-09-08,7494,433,18,0,NA,NA
2020-09-09,7494,433,0,0,NA,NA
2020-09-10,7573,434,79,1,NA,NA
2020-09-11,7620,434,47,0,NA,NA
2020-09-12,7652,435,32,1,NA,NA
2020-09-13,7696,436,44,1,NA,NA
2020-09-14,7714,436,18,0,NA,NA
2020-09-15,7750,438,36,2,NA,NA
2020-09-16,7781,438,31,0,NA,NA
2020-09-17,7781,438,0,0,NA,NA
2020-09-18,7861,438,80,0,NA,NA
2020-09-19,7920,438,59,0,NA,NA
2020-09-20,7947,438,27,0,NA,NA
2020-09-21,7952,438,5,0,NA,NA
2020-09-22,7990,438,38,0,NA,NA
2020-09-23,8007,438,17,0,NA,NA
2020-09-24,8044,438,37,0,NA,NA
2020-09-25,8085,438,41,0,NA,NA
2020-09-26,8121,439,36,1,NA,NA
2020-09-27,8172,439,51,0,NA,NA
2020-09-28,8208,439,36,0,NA,NA
2020-09-29,8233,439,25,0,NA,NA
2020-09-30,8266,439,33,0,NA,NA
2020-10-01,8317,441,51,2,NA,NA
2020-10-02,8534,442,217,1,NA,NA
2020-10-03,8597,442,63,0,NA,NA
2020-10-04,8645,443,48,1,NA,NA
2020-10-05,8645,443,0,0,NA,NA
2020-10-06,8731,446,86,3,NA,NA
2020-10-07,8731,446,0,0,NA,NA
2020-10-08,8878,448,147,2,NA,NA
2020-10-09,8970,450,92,2,NA,NA
2020-10-10,9092,455,122,5,NA,NA
2020-10-11,9143,456,51,1,NA,NA
2020-10-12,9208,456,65,0,NA,NA
2020-10-13,9279,456,71,0,NA,NA
2020-10-14,9349,458,70,2,NA,NA
2020-10-15,9426,463,77,5,NA,NA
2020-10-16,9514,465,88,2,NA,NA
2020-10-17,9625,466,111,1,NA,NA
2020-10-18,9625,466,0,0,NA,NA
2020-10-19,9746,468,121,2,NA,NA
2020-10-20,9828,468,82,0,NA,NA
2020-10-21,9917,469,89,1,NA,NA
2020-10-22,9994,470,77,1,NA,NA
2020-10-23,10112,471,118,1,NA,NA
2020-10-24,10238,473,126,2,NA,NA
2020-10-25,10328,473,90,0,NA,NA
2020-10-26,10397,475,69,2,NA,NA
2020-10-27,10530,475,133,0,NA,NA
2020-10-28,10641,478,111,3,NA,NA
2020-10-29,10768,482,127,4,NA,NA
2020-10-30,10884,482,116,0,NA,NA
2020-10-31,11084,483,200,1,NA,NA
2020-11-01,11190,483,106,0,NA,NA
2020-11-02,11288,483,98,0,NA,NA
2020-11-03,11416,483,128,0,NA,NA
2020-11-04,11538,484,122,1,NA,NA
2020-11-05,11785,486,247,2,NA,NA
2020-11-06,11991,488,206,2,NA,NA
2020-11-07,12214,489,223,1,NA,NA
2020-11-08,12458,489,244,0,NA,NA
2020-11-09,12666,489,208,0,NA,NA
2020-11-10,12882,489,216,0,NA,NA
2020-11-11,13102,492,220,3,NA,NA
2020-11-12,13414,495,312,3,NA,NA
2020-11-13,13853,498,439,3,NA,NA
2020-11-14,14212,499,359,1,NA,NA
2020-11-15,14552,499,340,0,NA,NA
2020-11-16,14907,500,355,1,NA,NA
2020-11-17,15173,502,266,2,NA,NA
2020-11-18,15599,504,426,2,NA,NA
2020-11-19,16115,506,516,2,NA,NA
2020-11-20,16616,507,501,1,NA,NA
2020-11-21,17094,508,478,1,NA,NA
2020-11-22,17405,512,311,4,NA,NA
2020-11-23,17861,512,456,0,NA,NA
2020-11-24,18283,513,422,1,NA,NA
2020-11-25,18676,514,393,1,NA,NA
2020-11-26,19205,514,529,0,NA,NA
2020-11-27,19609,517,404,3,NA,NA
2020-11-28,20142,523,533,6,NA,NA
2020-11-29,20636,526,494,3,NA,NA
2020-11-30,21033,526,397,0,NA,NA
2020-12-01,21725,528,692,2,NA,NA
2020-12-02,22428,537,703,9,NA,NA
2020-12-03,23567,544,1139,7,NA,NA
2020-12-04,24444,552,877,8,NA,NA
2020-12-05,25367,559,923,7,NA,NA
2020-12-06,26044,564,677,5,NA,NA
2020-12-07,26759,566,715,2,NA,NA
2020-12-08,27566,566,807,0,NA,NA
2020-12-09,28519,570,953,4,NA,NA
2020-12-10,29238,584,719,14,NA,NA
2020-12-11,30282,590,1044,6,NA,NA
2020-12-12,31119,600,837,10,NA,NA
2020-12-13,31705,603,586,3,NA,NA
2020-12-14,32544,604,839,1,NA,NA
2020-12-15,33318,604,774,0,NA,NA
2020-12-16,34114,625,796,21,NA,NA
2020-12-17,34888,629,774,4,NA,NA
2020-12-18,35712,638,824,9,NA,NA
2020-12-19,36362,650,650,12,NA,NA
2020-12-20,37096,656,734,6,NA,NA
2020-12-21,37715,656,619,0,NA,NA
2020-12-22,38284,656,569,0,NA,NA
2020-12-23,38872,677,588,21,NA,NA
2020-12-24,40015,690,1143,13,NA,NA
2020-12-25,40784,690,769,0,NA,NA
2020-12-26,41131,701,347,11,NA,NA
2020-12-27,41636,708,505,7,NA,NA
2020-12-28,42220,715,584,7,NA,NA
2020-12-29,42934,735,714,20,NA,NA
2020-12-30,43879,741,945,6,NA,NA
2020-12-31,44882,759,1003,18,NA,NA
2021-01-01,45932,759,1050,0,NA,NA
2021-01-02,46614,769,682,10,NA,NA
2021-01-03,47376,780,762,11,NA,NA
2021-01-04,47870,781,494,1,NA,NA
2021-01-05,48662,792,792,11,NA,NA
2021-01-06,49584,816,922,24,NA,NA
2021-01-07,50337,827,753,11,NA,NA
2021-01-08,51289,846,952,19,NA,NA
2021-01-09,52371,862,1082,16,NA,NA
2021-01-10,52980,869,609,7,NA,NA
2021-01-11,53913,869,933,0,NA,NA
2021-01-12,54516,878,603,9,NA,NA
2021-01-13,55378,885,862,7,NA,NA
2021-01-14,55957,897,579,12,NA,NA
2021-01-15,56966,908,1009,11,NA,NA
2021-01-16,57605,927,639,19,NA,NA
2021-01-17,58229,933,624,6,NA,NA
2021-01-18,58709,933,480,0,NA,NA
2021-01-19,59228,938,519,5,NA,NA
2021-01-20,59891,950,663,12,NA,NA
2021-01-21,60588,962,697,12,NA,NA
2021-01-22,61206,971,618,9,NA,NA
2021-01-23,61995,981,789,10,NA,NA
2021-01-24,62492,987,497,6,NA,NA
2021-01-25,62890,990,398,3,NA,NA
2021-01-26,63367,994,477,4,NA,NA
2021-01-27,63886,1006,519,12,NA,NA
2021-01-28,64591,1022,705,16,NA,NA
2021-01-29,65134,1036,543,14,NA,NA
2021-01-30,65655,1042,521,6,NA,NA
2021-01-31,65949,1057,294,15,NA,NA
2021-02-01,66289,1059,340,2,NA,NA
2021-02-02,66656,1059,367,0,NA,NA
2021-02-03,67041,1076,385,17,NA,NA
2021-02-04,67492,1085,451,9,NA,NA
2021-02-05,67919,1091,427,6,NA,NA
2021-02-06,68260,1098,341,7,NA,NA
2021-02-07,68597,1104,337,6,NA,NA
2021-02-08,68897,1106,300,2,NA,NA
2021-02-09,69126,1109,229,3,NA,NA
2021-02-10,69519,1116,393,7,NA,NA
2021-02-11,69929,1117,410,1,NA,NA
2021-02-12,70322,1126,393,9,NA,NA
2021-02-13,70756,1130,434,4,NA,NA
2021-02-14,71044,1133,288,3,NA,NA
2021-02-15,71302,1135,258,2,NA,NA
2021-02-16,71561,1136,259,1,NA,NA
2021-02-17,71938,1148,377,12,NA,NA
2021-02-18,72399,1150,461,2,NA,NA
2021-02-19,72767,1152,368,2,NA,NA
2021-02-20,73161,1153,394,1,NA,NA
2021-02-21,73413,1154,252,1,NA,NA
2021-02-22,73665,1154,252,0,NA,NA
2021-02-23,73923,1155,258,1,NA,NA
2021-02-24,74258,1157,335,2,NA,NA
2021-02-25,74568,1163,310,6,NA,NA
2021-02-26,74893,1167,325,4,NA,NA
2021-02-27,75166,1170,273,3,NA,NA
2021-02-28,75424,1170,258,0,NA,NA
