"date","positive","death","positiveIncrease","deathIncrease","hospitalized","hospitalizedIncrease","hospitalizedCurrently"
2020-03-06,0,0,0,0,0,0,0
2020-03-07,1,0,1,0,0,0,0
2020-03-08,1,0,0,0,0,0,0
2020-03-09,4,0,3,0,0,0,0
2020-03-10,6,0,2,0,0,0,0
2020-03-11,8,0,2,0,0,0,0
2020-03-12,8,0,0,0,0,0,0
2020-03-13,11,0,3,0,0,0,0
2020-03-14,14,1,3,1,0,0,0
2020-03-15,16,1,2,0,0,0,0
2020-03-16,21,1,5,0,0,0,0
2020-03-17,22,1,1,0,0,0,0
2020-03-18,26,1,4,0,0,0,0
2020-03-19,35,1,9,0,0,0,0
2020-03-20,47,1,12,0,0,0,0
2020-03-21,54,2,7,1,0,0,0
2020-03-22,99,3,45,1,0,0,0
2020-03-23,104,3,5,0,0,0,0
2020-03-24,124,4,20,1,0,0,0
2020-03-25,157,4,33,0,0,0,0
2020-03-26,198,4,41,0,0,0,0
2020-03-27,248,6,50,2,0,0,0
2020-03-28,302,8,54,2,0,0,0
2020-03-29,394,9,92,1,0,0,0
2020-03-30,439,9,45,0,0,0,0
2020-03-31,480,11,41,2,0,0,0
2020-04-01,591,17,111,6,0,0,0
2020-04-02,680,20,89,3,0,0,0
2020-04-03,770,31,90,11,0,0,0
2020-04-04,831,37,61,6,0,0,0
2020-04-05,917,40,86,3,0,0,0
2020-04-06,955,45,38,5,0,0,0
2020-04-07,1008,59,53,14,0,0,0
2020-04-08,1149,65,141,6,0,0,0
2020-04-09,1346,73,197,8,0,0,0
2020-04-10,1693,90,347,17,459,459,271
2020-04-11,1693,90,0,0,459,0,271
2020-04-12,1840,94,147,4,459,0,271
2020-04-13,1963,97,123,3,667,208,289
2020-04-14,2048,104,85,7,673,6,299
2020-04-15,2210,115,162,11,687,14,305
2020-04-16,2291,122,81,7,807,120,412
2020-04-17,2429,129,138,7,971,164,477
2020-04-18,2522,137,93,8,1008,37,360
2020-04-19,2707,144,185,7,1059,51,274
2020-04-20,2960,148,253,4,1059,0,274
2020-04-21,3050,154,90,6,1059,0,263
2020-04-22,3192,171,142,17,1076,17,286
2020-04-23,3373,185,181,14,1105,29,301
2020-04-24,3481,191,108,6,1115,10,302
2020-04-25,3779,200,298,9,1143,28,303
2020-04-26,3905,205,126,5,1266,123,301
2020-04-27,4074,208,169,3,1274,8,308
2020-04-28,4146,213,72,5,1281,7,313
2020-04-29,4375,225,229,12,1331,50,320
2020-04-30,4539,235,164,10,1359,28,325
2020-05-01,4708,240,169,5,1375,16,330
2020-05-02,4879,248,171,8,1411,36,334
2020-05-03,4879,248,0,0,1411,0,334
2020-05-04,5130,253,251,5,1519,108,329
2020-05-05,5245,261,115,8,1529,10,333
2020-05-06,5822,275,577,14,1603,74,347
2020-05-07,5934,283,112,8,1616,13,351
2020-05-08,6129,294,195,11,1684,68,356
2020-05-09,6288,298,159,4,1696,12,369
2020-05-10,6440,304,152,6,1757,61,394
2020-05-11,6440,304,0,0,1757,0,394
2020-05-12,6677,311,237,7,1767,10,383
2020-05-13,6853,321,176,10,1825,58,379
2020-05-14,7080,326,227,5,1835,10,377
2020-05-15,7225,328,145,2,1887,52,385
2020-05-16,7444,332,219,4,1896,9,381
2020-05-17,7688,334,244,2,1896,0,381
2020-05-18,7688,334,0,0,1896,0,381
2020-05-19,8069,366,381,32,1980,84,447
2020-05-20,8069,366,0,0,2010,30,443
2020-05-21,8275,376,206,10,2016,6,474
2020-05-22,8286,386,11,10,2041,25,475
2020-05-23,8426,391,140,5,2076,35,477
2020-05-24,8571,391,145,0,2131,55,484
2020-05-25,8571,391,0,0,2131,0,484
2020-05-26,8571,391,0,0,2131,0,484
2020-05-27,9077,400,506,9,2136,5,489
2020-05-28,9077,400,0,0,2142,6,512
2020-05-29,9184,409,107,9,2180,38,494
2020-05-30,9464,418,280,9,2266,86,499
2020-05-31,9704,431,240,13,2272,6,480
2020-06-01,10046,439,342,8,2274,2,457
2020-06-02,10185,442,139,3,2307,33,481
2020-06-03,10410,450,225,8,2317,10,488
2020-06-04,10705,458,295,8,2332,15,518
2020-06-05,10977,466,272,8,2345,13,505
2020-06-06,11287,470,310,4,2361,16,495
2020-06-07,11287,470,0,0,2361,0,495
2020-06-08,11476,472,189,2,2368,7,486
2020-06-09,11708,477,232,5,2386,18,525
2020-06-10,11883,484,175,7,2396,10,508
2020-06-11,11945,493,62,9,2406,10,514
2020-06-12,11945,493,0,0,2406,0,514
2020-06-13,12445,499,500,6,2433,27,410
2020-06-14,12445,499,0,0,2433,0,410
2020-06-15,12647,505,202,6,2433,0,383
2020-06-16,12829,512,182,7,2436,3,395
2020-06-17,12995,518,166,6,2455,19,416
2020-06-18,13197,520,202,2,2482,27,400
2020-06-19,13454,522,257,2,2494,12,339
2020-06-20,13630,524,176,2,2522,28,354
2020-06-21,13750,526,120,2,2522,0,354
2020-06-22,13839,526,89,0,2532,10,349
2020-06-23,14141,537,302,11,2556,24,376
2020-06-24,14363,538,222,1,2574,18,335
2020-06-25,14617,546,254,8,2584,10,377
2020-06-26,14859,553,242,7,2589,5,387
2020-06-27,14859,553,0,0,2589,0,387
2020-06-28,15232,558,373,5,2590,1,386
2020-06-29,15347,560,115,2,2602,12,381
2020-06-30,15624,565,277,5,2621,19,408
2020-07-01,15842,572,218,7,2635,14,427
2020-07-02,16079,581,237,9,2662,27,430
2020-07-03,16376,585,297,4,2685,23,455
2020-07-04,16376,585,0,0,2685,0,455
2020-07-05,16376,585,0,0,2685,0,455
2020-07-06,17152,593,776,8,2699,14,433
2020-07-07,17519,602,367,9,2708,9,421
2020-07-08,17919,608,400,6,2737,29,453
2020-07-09,18245,612,326,4,2747,10,457
2020-07-10,18670,620,425,8,2763,16,409
2020-07-11,19121,622,451,2,2779,16,370
2020-07-12,19389,625,268,3,2779,0,370
2020-07-13,19653,629,264,4,2791,12,440
2020-07-14,20223,635,570,6,2802,11,449
2020-07-15,20677,645,454,10,2823,21,445
2020-07-16,21083,650,406,5,2842,19,418
2020-07-17,21605,658,522,8,2864,22,452
2020-07-18,22184,667,579,9,2875,11,514
2020-07-19,23161,670,977,3,2880,5,511
2020-07-20,23414,671,253,1,2882,2,542
2020-07-21,24060,674,646,3,2900,18,532
2020-07-22,24540,677,480,3,2914,14,603
2020-07-23,25147,684,607,7,2921,7,581
2020-07-24,25931,691,784,7,3248,327,618
2020-07-25,26764,696,833,5,3266,18,595
2020-07-26,27079,700,315,4,3266,0,595
2020-07-27,27601,709,522,9,3276,10,609
2020-07-28,28126,719,525,10,3279,3,584
2020-07-29,28727,724,601,5,3281,2,571
2020-07-30,29386,731,659,7,3304,23,587
2020-07-31,30151,735,765,4,3314,10,597
2020-08-01,30723,740,572,5,3782,468,602
2020-08-02,31185,742,462,2,3782,0,602
2020-08-03,31508,744,323,2,3815,33,612
2020-08-04,32197,751,689,7,3851,36,638
2020-08-05,32741,752,544,1,3903,52,620
2020-08-06,33254,760,513,8,3924,21,701
2020-08-07,33796,764,542,4,3975,51,717
2020-08-08,34578,772,782,8,4002,27,653
2020-08-09,34982,773,404,1,4002,0,653
2020-08-10,35254,775,272,2,4024,22,641
2020-08-11,35793,783,539,8,4063,39,667
2020-08-12,36945,790,1152,7,4091,28,683
2020-08-13,37686,796,741,6,4116,25,658
2020-08-14,38298,804,612,8,4158,42,656
2020-08-15,38930,810,632,6,4193,35,618
2020-08-16,39315,813,385,3,4193,0,618
2020-08-17,39691,818,376,5,4215,22,563
2020-08-18,40299,830,608,12,4252,37,622
2020-08-19,40926,842,627,12,4301,49,640
2020-08-20,41626,856,700,14,4349,48,638
2020-08-21,42265,864,639,8,4362,13,590
2020-08-22,42265,864,0,0,4362,0,590
2020-08-23,43529,881,1264,17,4362,0,590
2020-08-24,43899,885,370,4,4399,37,564
2020-08-25,44568,895,669,10,4446,47,593
2020-08-26,45230,902,662,7,4446,0,593
2020-08-27,45978,910,748,8,4501,55,573
2020-08-28,46757,918,779,8,4532,31,572
2020-08-29,47577,921,820,3,4560,28,570
2020-08-30,48032,930,455,9,4560,0,570
2020-08-31,48396,933,364,3,4580,20,557
2020-09-01,49185,948,789,15,4616,36,552
2020-09-02,49991,966,806,18,4652,36,589
2020-09-03,50885,976,894,10,4684,32,568
2020-09-04,51677,987,792,11,4699,15,574
2020-09-05,52464,993,787,6,4713,14,535
2020-09-06,52774,996,310,3,4713,0,535
2020-09-07,53064,996,290,0,4728,15,503
2020-09-08,53319,997,255,1,4730,2,510
2020-09-09,53977,1013,658,16,4777,47,558
2020-09-10,54772,1035,795,22,4835,58,565
2020-09-11,55704,1044,932,9,4862,27,549
2020-09-12,56415,1057,711,13,4886,24,587
2020-09-13,56945,1060,530,3,4886,0,587
2020-09-14,57282,1065,337,5,4905,19,504
2020-09-15,58000,1074,718,9,4924,19,533
2020-09-16,58764,1082,764,8,4927,3,565
2020-09-17,59370,1093,606,11,4976,49,515
2020-09-18,60128,1101,758,8,5002,26,500
2020-09-19,61106,1108,978,7,5026,24,496
2020-09-20,61542,1111,436,3,5026,0,496
2020-09-21,61917,1112,375,1,5051,25,496
2020-09-22,62731,1119,814,7,5075,24,511
2020-09-23,63517,1124,786,5,5095,20,530
2020-09-24,64158,1137,641,13,5119,24,543
2020-09-25,65066,1149,908,12,5147,28,553
2020-09-26,66036,1154,970,5,5193,46,538
2020-09-27,66491,1157,455,3,5193,0,538
2020-09-28,66939,1162,448,5,5208,15,507
2020-09-29,67856,1170,917,8,5250,42,589
2020-09-30,68840,1174,984,4,5279,29,541
2020-10-01,69728,1191,888,17,5315,36,524
2020-10-02,70727,1197,999,6,5334,19,578
2020-10-03,72001,1205,1274,8,5362,28,600
2020-10-04,72617,1209,616,4,5362,0,600
2020-10-05,73158,1214,541,5,5557,195,563
2020-10-06,74194,1218,1036,4,5622,65,592
2020-10-07,76587,1223,2393,5,5679,57,672
2020-10-08,77455,1234,868,11,5814,135,701
2020-10-09,78456,1242,1001,8,6033,219,679
2020-10-10,79445,1249,989,7,6094,61,652
2020-10-11,80292,1252,847,3,6094,0,652
2020-10-12,80930,1255,638,3,6121,27,672
2020-10-13,81691,1269,761,14,6259,138,704
2020-10-14,83013,1276,1322,7,6479,220,711
2020-10-15,84195,1296,1182,20,6506,27,738
2020-10-16,85506,1300,1311,4,6545,39,667
2020-10-17,86797,1312,1291,12,6592,47,691
2020-10-18,87607,1317,810,5,6592,0,691
2020-10-19,88247,1326,640,9,6616,24,764
2020-10-20,89544,1342,1297,16,6665,49,776
2020-10-21,90996,1363,1452,21,6721,56,794
2020-10-22,92299,1380,1303,17,6761,40,800
2020-10-23,93748,1396,1449,16,6816,55,819
2020-10-24,95480,1404,1732,8,6865,49,840
2020-10-25,96942,1407,1462,3,6865,0,840
2020-10-26,97866,1410,924,3,6895,30,858
2020-10-27,99637,1428,1771,18,6947,52,913
2020-10-28,101494,1442,1857,14,7008,61,927
2020-10-29,103305,1461,1811,19,7069,61,969
2020-10-30,105242,1476,1937,15,7098,29,974
2020-10-31,107219,1485,1977,9,7210,112,964
2020-11-01,108642,1489,1423,4,7210,0,964
2020-11-02,109670,1492,1028,3,7205,-5,988
2020-11-03,111379,1503,1709,11,7344,139,1037
2020-11-04,113009,1514,1630,11,7447,103,1066
2020-11-05,115277,1534,2268,20,7581,134,1102
2020-11-06,117505,1544,2228,10,7708,127,1153
2020-11-07,119661,1561,2156,17,7844,136,1153
2020-11-08,120838,1565,1177,4,7844,0,1153
2020-11-09,122567,1576,1729,11,8274,430,1133
2020-11-10,124646,1590,2079,14,8403,129,1189
2020-11-11,127344,1604,2698,14,8403,0,1189
2020-11-12,129680,1622,2336,18,8567,164,1311
2020-11-13,132844,1647,3164,25,8652,85,1358
2020-11-14,136137,1658,3293,11,8783,131,1378
2020-11-15,137586,1661,1449,3,8783,0,1378
2020-11-16,139097,1664,1511,3,8874,91,1442
2020-11-17,142008,1697,2911,33,8948,74,1521
2020-11-18,144753,1712,2745,15,9052,104,1553
2020-11-19,148390,1742,3637,30,9163,111,1550
2020-11-20,152206,1762,3816,20,9286,123,1544
2020-11-21,155908,1783,3702,21,9411,125,1514
2020-11-22,158100,1787,2192,4,9411,0,1514
2020-11-23,160232,1792,2132,5,9530,119,1573
2020-11-24,162838,1809,2606,17,9623,93,1658
2020-11-25,166139,1835,3301,26,9756,133,1734
2020-11-26,166139,1835,0,0,9756,0,1734
2020-11-27,171755,1871,5616,36,9907,151,1714
2020-11-28,174182,1885,2427,14,9981,74,1722
2020-11-29,176925,1896,2743,11,9981,0,1722
2020-11-30,179041,1908,2116,12,10054,73,1741
2020-12-01,183168,1943,4127,35,10190,136,1777
2020-12-02,186765,1980,3597,37,10190,0,1768
2020-12-03,190601,2014,3836,34,10311,121,1810
2020-12-04,194193,2039,3592,25,10560,249,1792
2020-12-05,198065,2062,3872,23,10678,118,1731
2020-12-06,200632,2072,2567,10,10678,0,1731
2020-12-07,202592,2082,1960,10,10736,58,1700
2020-12-08,205668,2102,3076,20,10840,104,1760
2020-12-09,209136,2118,3468,16,10986,146,1792
2020-12-10,213450,2146,4314,28,11058,72,1756
2020-12-11,217120,2168,3670,22,11192,134,1717
2020-12-12,220660,2192,3540,24,11306,114,1711
2020-12-13,223104,2207,2444,15,11306,0,1711
2020-12-14,224890,2224,1786,17,11463,157,1712
2020-12-15,227818,2239,2928,15,11589,126,1788
2020-12-16,230693,2262,2875,23,11726,137,1793
2020-12-17,234021,2316,3328,54,12129,403,1817
2020-12-18,237190,2344,3169,28,12184,55,1712
2020-12-19,240564,2371,3374,27,12445,261,1655
2020-12-20,242321,2397,1757,26,12483,38,1607
2020-12-21,244297,2412,1976,15,12515,32,1580
2020-12-22,247344,2440,3047,28,12675,160,1631
2020-12-23,250280,2466,2936,26,12827,152,1644
2020-12-24,250280,2466,0,0,12827,0,1644
2020-12-25,250280,2466,0,0,12827,0,1644
2020-12-26,255563,2534,5283,68,13035,208,1511
2020-12-27,257063,2555,1500,21,13067,32,1504
2020-12-28,258517,2563,1454,8,13099,32,1552
2020-12-29,261492,2594,2975,31,13224,125,1635
2020-12-30,265262,2623,3770,29,13488,264,1673
2020-12-31,265262,2623,0,0,13488,0,1673
2021-01-01,265262,2623,0,0,13488,0,1673
2021-01-02,273971,2698,8709,75,13686,198,1635
2021-01-03,276826,2723,2855,25,13739,53,1677
2021-01-04,279143,2749,2317,26,13794,55,1737
2021-01-05,280836,2772,1693,23,13850,56,1760
2021-01-06,286541,2806,5705,34,14039,189,1778
2021-01-07,291430,2843,4889,37,14251,212,1744
2021-01-08,296167,2856,4737,13,14359,108,1748
2021-01-09,300398,2876,4231,20,14511,152,1752
2021-01-10,303625,2901,3227,25,14560,49,1713
2021-01-11,305707,2922,2082,21,14621,61,1709
2021-01-12,308729,2944,3022,22,14738,117,1733
2021-01-13,313282,2991,4553,47,14892,154,1702
2021-01-14,317345,3042,4063,51,15022,130,1661
2021-01-15,321270,3061,3925,19,15102,80,1644
2021-01-16,324325,3093,3055,32,15246,144,1631
2021-01-17,326675,3127,2350,34,15246,0,1631
2021-01-18,328668,3167,1993,40,15347,101,1587
2021-01-19,330907,3194,2239,27,15441,94,1633
2021-01-20,334321,3243,3414,49,15562,121,1678
2021-01-21,338034,3301,3713,58,15692,130,1604
2021-01-22,340779,3337,2745,36,15760,68,1561
2021-01-23,344568,3386,3789,49,15855,95,1604
2021-01-24,346586,3421,2018,35,15889,34,1540
2021-01-25,347836,3460,1250,39,15919,30,1537
2021-01-26,350528,3495,2692,35,16002,83,1566
2021-01-27,352943,3542,2415,47,16101,99,1597
2021-01-28,355877,3611,2934,69,16404,303,1561
2021-01-29,358478,3668,2601,57,16546,142,1505
2021-01-30,361124,3714,2646,46,16659,113,1415
2021-01-31,362890,3745,1766,31,16687,28,1327
2021-02-01,364507,3780,1617,35,16725,38,1314
2021-02-02,366938,3812,2431,32,16814,89,1335
2021-02-03,369519,3863,2581,51,17010,196,1340
2021-02-04,372012,3921,2493,58,17170,160,1340
2021-02-05,374268,3971,2256,50,17282,112,1318
2021-02-06,376262,4020,1994,49,17380,98,1294
2021-02-07,377790,4051,1528,31,17411,31,1235
2021-02-08,378793,4091,1003,40,17429,18,1163
2021-02-09,381121,4126,2328,35,17518,89,1204
2021-02-10,383032,4175,1911,49,17715,197,1191
2021-02-11,384903,4211,1871,36,17824,109,1142
2021-02-12,386326,4253,1423,42,17929,105,1063
2021-02-13,387090,4272,764,19,17942,13,1059
2021-02-14,388798,4282,1708,10,18054,112,1019
2021-02-15,389521,4291,723,9,18086,32,969
2021-02-16,390762,4318,1241,27,18183,97,935
2021-02-17,391772,4336,1010,18,18289,106,934
2021-02-18,392729,4373,957,37,18314,25,935
2021-02-19,394687,4401,1958,28,18438,124,923
2021-02-20,396018,4426,1331,25,18555,117,921
2021-02-21,396997,4447,979,21,18601,46,902
2021-02-22,397526,4460,529,13,18625,24,870
2021-02-23,399013,4476,1487,16,18768,143,894
2021-02-24,400307,4527,1294,51,18859,91,883
2021-02-25,401750,4570,1443,43,18888,29,843
2021-02-26,402926,4600,1176,30,18981,93,818
2021-02-27,403947,4625,1021,25,19090,109,765
2021-02-28,404622,4637,675,12,19101,11,732
2021-03-01,405126,4652,504,15,19143,42,719
2021-03-02,406201,4671,1075,19,19234,91,684
2021-03-03,407373,4704,1172,33,19304,70,680
2021-03-04,408440,4732,1067,28,19364,60,645
2021-03-05,409345,4754,905,22,19380,16,606
2021-03-06,410184,4806,839,52,19451,71,591
2021-03-07,410709,4819,525,13,19457,6,558
