"date","positive","death","positiveIncrease","deathIncrease"
2020-01-22,0,0,0,0
2020-01-23,0,0,0,0
2020-01-24,1,0,1,0
2020-01-25,1,0,0,0
2020-01-26,1,0,0,0
2020-01-27,1,0,0,0
2020-01-28,1,0,0,0
2020-01-29,1,0,0,0
2020-01-30,1,0,0,0
2020-01-31,2,0,1,0
2020-02-01,2,0,0,0
2020-02-02,2,0,0,0
2020-02-03,2,0,0,0
2020-02-04,2,0,0,0
2020-02-05,2,0,0,0
2020-02-06,2,0,0,0
2020-02-07,2,0,0,0
2020-02-08,2,0,0,0
2020-02-09,2,0,0,0
2020-02-10,2,0,0,0
2020-02-11,2,0,0,0
2020-02-12,2,0,0,0
2020-02-13,2,0,0,0
2020-02-14,2,0,0,0
2020-02-15,2,0,0,0
2020-02-16,2,0,0,0
2020-02-17,2,0,0,0
2020-02-18,2,0,0,0
2020-02-19,2,0,0,0
2020-02-20,2,0,0,0
2020-02-21,2,0,0,0
2020-02-22,2,0,0,0
2020-02-23,2,0,0,0
2020-02-24,2,0,0,0
2020-02-25,2,0,0,0
2020-02-26,2,0,0,0
2020-02-27,2,0,0,0
2020-02-28,2,0,0,0
2020-02-29,2,0,0,0
2020-03-01,3,0,1,0
2020-03-02,4,0,1,0
2020-03-03,4,0,0,0
2020-03-04,4,0,0,0
2020-03-05,5,0,1,0
2020-03-06,5,0,0,0
2020-03-07,6,0,1,0
2020-03-08,7,0,1,0
2020-03-09,7,0,0,0
2020-03-10,12,0,5,0
2020-03-11,25,0,13,0
2020-03-12,32,0,7,0
2020-03-13,46,0,14,0
2020-03-14,64,0,18,0
2020-03-15,66,0,2,0
2020-03-16,83,0,17,0
2020-03-17,161,1,78,1
2020-03-18,272,1,111,0
2020-03-19,422,4,150,3
2020-03-20,585,5,163,1
2020-03-21,753,6,168,1
2020-03-22,1049,9,296,3
2020-03-23,1285,12,236,3
2020-03-24,1537,16,252,4
2020-03-25,1865,19,328,3
2020-03-26,2538,26,673,7
2020-03-27,3024,34,486,8
2020-03-28,3491,47,467,13
2020-03-29,4596,66,1105,19
2020-03-30,5056,73,460,7
2020-03-31,5994,99,938,26
2020-04-01,6980,141,986,42
2020-04-02,7695,163,715,22
2020-04-03,8904,210,1209,47
2020-04-04,10357,244,1453,34
2020-04-05,11259,274,902,30
2020-04-06,12262,307,1003,33
2020-04-07,13553,380,1291,73
2020-04-08,15078,462,1525,82
2020-04-09,16422,528,1344,66
2020-04-10,17887,597,1465,69
2020-04-11,19180,677,1293,80
2020-04-12,20852,720,1672,43
2020-04-13,22025,798,1173,78
2020-04-14,23248,868,1223,70
2020-04-15,24593,949,1345,81
2020-04-16,25734,1072,1141,123
2020-04-17,27578,1132,1844,60
2020-04-18,29160,1259,1582,127
2020-04-19,30357,1290,1197,31
2020-04-20,31513,1349,1156,59
2020-04-21,33059,1468,1546,119
2020-04-22,35107,1565,2048,97
2020-04-23,36937,1688,1830,123
2020-04-24,39658,1795,2721,107
2020-04-25,41777,1875,2119,80
2020-04-26,43903,1933,2126,58
2020-04-27,45883,1983,1980,50
2020-04-28,48102,2125,2219,142
2020-04-29,50358,2215,2256,90
2020-04-30,52918,2355,2560,140
2020-05-01,56055,2457,3137,102
2020-05-02,58505,2559,2450,102
2020-05-03,61499,2618,2994,59
2020-05-04,63777,2659,2278,41
2020-05-05,65889,2834,2112,175
2020-05-06,68164,2970,2275,136
2020-05-07,70800,3108,2636,138
2020-05-08,73688,3239,2888,131
2020-05-09,76008,3346,2320,107
2020-05-10,77662,3404,1654,58
2020-05-11,78923,3457,1261,53
2020-05-12,82935,3600,4012,143
2020-05-13,84612,3791,1677,191
2020-05-14,87851,3926,3239,135
2020-05-15,90283,4057,2432,131
2020-05-16,92374,4128,2091,71
2020-05-17,94107,4176,1733,48
2020-05-18,96398,4233,2291,57
2020-05-19,97943,4378,1545,145
2020-05-20,100329,4524,2386,146
2020-05-21,102597,4606,2268,82
2020-05-22,105332,4714,2735,108
2020-05-23,107670,4789,2338,75
2020-05-24,110154,4855,2484,66
2020-05-25,111853,4884,1699,29
2020-05-26,113018,4922,1165,38
2020-05-27,114101,5082,1083,160
2020-05-28,115650,5185,1549,103
2020-05-29,117336,5269,1686,84
2020-05-30,118799,5329,1463,60
2020-05-31,120142,5389,1343,60
2020-06-01,121116,5411,974,22
2020-06-02,122733,5524,1617,113
2020-06-03,123710,5620,977,96
2020-06-04,124640,5735,930,115
2020-06-05,125799,5794,1159,59
2020-06-06,126775,5863,976,69
2020-06-07,127644,5903,869,40
2020-06-08,128301,5923,657,20
2020-06-09,129094,6017,793,94
2020-06-10,129722,6094,628,77
2020-06-11,130485,6184,763,90
2020-06-12,131087,6259,602,75
2020-06-13,131753,6288,666,29
2020-06-14,132424,6307,671,19
2020-06-15,132902,6325,478,18
2020-06-16,133528,6397,626,72
2020-06-17,134127,6485,599,88
2020-06-18,134772,6537,645,52
2020-06-19,135463,6580,691,43
2020-06-20,136095,6625,632,45
2020-06-21,136752,6647,657,22
2020-06-22,137218,6671,466,24
2020-06-23,137818,6707,600,36
2020-06-24,138539,6770,721,63
2020-06-25,139434,6810,895,40
2020-06-26,140290,6847,856,37
2020-06-27,141077,6873,787,26
2020-06-28,141723,6888,646,15
2020-06-29,142460,6902,737,14
2020-06-30,143184,6923,724,21
2020-07-01,144012,6951,828,28
2020-07-02,144881,6987,869,36
2020-07-03,145750,7005,869,18
2020-07-04,146612,7014,862,9
2020-07-05,147251,7020,639,6
