"date","positive","death","positiveIncrease","deathIncrease"
2020-01-22,0,0,0,0
2020-01-23,0,0,0,0
2020-01-24,0,0,0,0
2020-01-25,0,0,0,0
2020-01-26,0,0,0,0
2020-01-27,0,0,0,0
2020-01-28,0,0,0,0
2020-01-29,0,0,0,0
2020-01-30,0,0,0,0
2020-01-31,0,0,0,0
2020-02-01,0,0,0,0
2020-02-02,0,0,0,0
2020-02-03,0,0,0,0
2020-02-04,0,0,0,0
2020-02-05,0,0,0,0
2020-02-06,0,0,0,0
2020-02-07,0,0,0,0
2020-02-08,0,0,0,0
2020-02-09,0,0,0,0
2020-02-10,0,0,0,0
2020-02-11,0,0,0,0
2020-02-12,0,0,0,0
2020-02-13,0,0,0,0
2020-02-14,0,0,0,0
2020-02-15,0,0,0,0
2020-02-16,0,0,0,0
2020-02-17,0,0,0,0
2020-02-18,0,0,0,0
2020-02-19,0,0,0,0
2020-02-20,0,0,0,0
2020-02-21,0,0,0,0
2020-02-22,0,0,0,0
2020-02-23,0,0,0,0
2020-02-24,0,0,0,0
2020-02-25,0,0,0,0
2020-02-26,0,0,0,0
2020-02-27,0,0,0,0
2020-02-28,0,0,0,0
2020-02-29,0,0,0,0
2020-03-01,0,0,0,0
2020-03-02,0,0,0,0
2020-03-03,0,0,0,0
2020-03-04,0,0,0,0
2020-03-05,2,0,2,0
2020-03-06,2,0,0,0
2020-03-07,4,0,2,0
2020-03-08,5,0,1,0
2020-03-09,5,0,0,0
2020-03-10,15,1,10,1
2020-03-11,23,1,8,0
2020-03-12,29,1,6,0
2020-03-13,49,1,20,0
2020-03-14,69,1,20,0
2020-03-15,72,2,3,1
2020-03-16,176,2,104,0
2020-03-17,250,3,74,1
2020-03-18,397,5,147,2
2020-03-19,633,5,236,0
2020-03-20,798,5,165,0
2020-03-21,1187,16,389,11
2020-03-22,1693,16,506,0
2020-03-23,2425,18,732,2
2020-03-24,3030,18,605,0
2020-03-25,3472,18,442,0
2020-03-26,5398,18,1926,0
2020-03-27,6841,26,1443,8
2020-03-28,8646,54,1805,28
2020-03-29,10366,105,1720,51
2020-03-30,12789,107,2423,2
2020-03-31,15010,20,2221,-87
2020-04-01,17743,355,2733,335
2020-04-02,20724,533,2981,178
2020-04-03,25087,642,4363,109
2020-04-04,30189,832,5102,190
2020-04-05,33684,904,3495,72
2020-04-06,37569,989,3885,85
2020-04-07,42209,1227,4640,238
2020-04-08,46046,1500,3837,273
2020-04-09,50031,1705,3985,205
2020-04-10,53939,1930,3908,225
2020-04-11,57227,2181,3288,251
2020-04-12,60576,2348,3349,167
2020-04-13,63381,2441,2805,93
2020-04-14,67122,2803,3741,362
2020-04-15,69841,3154,2719,351
2020-04-16,74269,3515,4428,361
2020-04-17,77748,3837,3479,322
2020-04-18,80672,4068,2924,231
2020-04-19,84716,4362,4044,294
2020-04-20,88137,4496,3421,134
2020-04-21,89314,4520,1177,24
2020-04-22,94869,5150,5555,630
2020-04-23,98917,5426,4048,276
2020-04-24,101664,5683,2747,257
2020-04-25,104966,5914,3302,231
2020-04-26,108357,5938,3391,24
2020-04-27,110370,6044,2013,106
2020-04-28,113138,6442,2768,398
2020-04-29,115647,6771,2509,329
2020-04-30,118174,7228,2527,457
2020-05-01,120607,7538,2433,310
2020-05-02,123041,7742,2434,204
2020-05-03,126103,7871,3062,129
2020-05-04,127622,7910,1519,39
2020-05-05,130043,8244,2421,334
2020-05-06,131296,8549,1253,305
2020-05-07,133991,8807,2695,258
2020-05-08,135840,8960,1849,153
2020-05-09,137397,9116,1557,156
2020-05-10,138754,9256,1357,140
2020-05-11,140206,9340,1452,84
2020-05-12,140917,9531,711,191
2020-05-13,141471,9714,554,183
2020-05-14,142451,9946,980,232
2020-05-15,143984,10148,1533,202
2020-05-16,144934,10261,950,113
2020-05-17,146504,10363,1570,102
2020-05-18,148240,10439,1736,76
2020-05-19,149356,10587,1116,148
2020-05-20,150776,10749,1420,162
2020-05-21,151586,10846,810,97
2020-05-22,152579,10985,993,139
2020-05-23,153140,11082,561,97
2020-05-24,153928,11138,788,56
2020-05-25,154866,11147,938,9
2020-05-26,155536,11194,670,47
2020-05-27,155930,11339,394,145
2020-05-28,157153,11409,1223,70
2020-05-29,158396,11531,1243,122
2020-05-30,159214,11634,818,103
2020-05-31,159943,11698,729,64
2020-06-01,160466,11723,523,25
2020-06-02,160975,11771,509,48
2020-06-03,161608,11880,633,109
2020-06-04,162104,11970,496,90
2020-06-05,162933,12049,829,79
2020-06-06,163503,12106,570,57
2020-06-07,163791,12176,288,70
2020-06-08,164212,12214,421,38
2020-06-09,164541,12303,329,89
2020-06-10,165135,12377,594,74
2020-06-11,165584,12443,449,66
2020-06-12,165972,12489,388,46
2020-06-13,166407,12621,435,132
2020-06-14,166685,12659,278,38
2020-06-15,166917,12708,232,49
2020-06-16,167285,12792,368,84
2020-06-17,167579,12835,294,43
2020-06-18,167958,12869,379,34
2020-06-19,168336,12902,378,33
2020-06-20,168685,12924,349,22
2020-06-21,169059,12939,374,15
2020-06-22,169362,12974,303,35
2020-06-23,169622,13025,260,51
2020-06-24,169800,13076,178,51
2020-06-25,169490,14872,-310,1796
2020-06-26,169883,14914,393,42
2020-06-27,170176,14948,293,34
2020-06-28,170531,14975,355,27
2020-06-29,170636,14992,105,17
2020-06-30,171025,15035,389,43
2020-07-01,171285,15078,260,43
2020-07-02,171684,15107,399,29
2020-07-03,172084,15164,400,57
2020-07-04,172354,15189,270,25
2020-07-05,172717,15211,363,22
2020-07-06,172916,15229,199,18
2020-07-07,173196,15281,280,52
2020-07-08,173383,15332,187,51
2020-07-09,173605,15448,222,116
2020-07-10,173961,15479,356,31
2020-07-11,174312,15525,351,46
2020-07-12,174633,15525,321,0
2020-07-13,174866,15560,233,35
2020-07-14,175271,15582,405,22
2020-07-15,175633,15634,362,52
2020-07-16,175865,15665,232,31
2020-07-17,175921,15684,56,19
2020-07-18,176148,15699,227,15
2020-07-19,176109,15706,-39,7
2020-07-20,176313,15715,204,9
2020-07-21,176568,15737,255,22
2020-07-22,176963,15707,395,-30
2020-07-23,177216,15730,253,23
2020-07-24,177670,15765,454,35
2020-07-25,178178,15776,508,11
2020-07-26,178656,15787,478,11
2020-07-27,179111,15804,455,17
2020-07-28,179615,15825,504,21
2020-07-29,180111,15798,496,-27
2020-07-30,180324,15809,213,11
2020-07-31,181012,15819,688,10
2020-08-01,181373,15830,361,11
2020-08-02,181676,15836,303,6
2020-08-03,181942,15846,266,10
2020-08-04,182326,15857,384,11
2020-08-05,182687,15842,361,-15
2020-08-06,183059,15849,372,7
2020-08-07,183408,15849,349,0
2020-08-08,183787,15869,379,20
2020-08-09,184127,15874,340,5
2020-08-10,184386,15878,259,4
2020-08-11,184815,15890,429,12
2020-08-12,185198,15885,383,-5
2020-08-13,185655,15893,457,8
2020-08-14,186163,15903,508,10
2020-08-15,186669,15910,506,7
2020-08-16,187013,15912,344,2
2020-08-17,187341,15916,328,4
2020-08-18,187696,15925,355,9
2020-08-19,188049,15926,353,1
2020-08-20,188203,15932,154,6
2020-08-21,188489,15941,286,9
2020-08-22,188919,15943,430,2
2020-08-23,189175,15946,256,3
2020-08-24,189401,15946,226,0
2020-08-25,189711,15953,310,7
2020-08-26,190009,15914,298,-39
2020-08-27,190312,15921,303,7
2020-08-28,190643,15930,331,9
2020-08-29,190983,15933,340,3
2020-08-30,191247,15937,264,4
2020-08-31,191592,15945,345,8
2020-09-01,191974,15950,382,5
2020-09-02,192291,15964,317,14
2020-09-03,192668,15971,377,7
2020-09-04,193115,15978,447,7
2020-09-05,193440,15985,325,7
2020-09-06,193750,15989,310,4
