"date","positive","death","positiveIncrease","deathIncrease"
2020-01-22,1,0,1,0
2020-01-23,1,0,0,0
2020-01-24,1,0,0,0
2020-01-25,1,0,0,0
2020-01-26,1,0,0,0
2020-01-27,1,0,0,0
2020-01-28,1,0,0,0
2020-01-29,1,0,0,0
2020-01-30,1,0,0,0
2020-01-31,1,0,0,0
2020-02-01,1,0,0,0
2020-02-02,1,0,0,0
2020-02-03,1,0,0,0
2020-02-04,1,0,0,0
2020-02-05,1,0,0,0
2020-02-06,1,0,0,0
2020-02-07,1,0,0,0
2020-02-08,1,0,0,0
2020-02-09,1,0,0,0
2020-02-10,1,0,0,0
2020-02-11,1,0,0,0
2020-02-12,1,0,0,0
2020-02-13,1,0,0,0
2020-02-14,1,0,0,0
2020-02-15,1,0,0,0
2020-02-16,1,0,0,0
2020-02-17,1,0,0,0
2020-02-18,1,0,0,0
2020-02-19,1,0,0,0
2020-02-20,1,0,0,0
2020-02-21,1,0,0,0
2020-02-22,1,0,0,0
2020-02-23,1,0,0,0
2020-02-24,1,0,0,0
2020-02-25,1,0,0,0
2020-02-26,1,0,0,0
2020-02-27,1,0,0,0
2020-02-28,1,0,0,0
2020-02-29,7,1,6,1
2020-03-01,11,1,4,0
2020-03-02,18,6,7,5
2020-03-03,27,7,9,1
2020-03-04,39,10,12,3
2020-03-05,70,11,31,1
2020-03-06,78,13,8,2
2020-03-07,102,16,24,3
2020-03-08,122,18,20,2
2020-03-09,122,19,0,1
2020-03-10,162,23,40,4
2020-03-11,282,24,120,1
2020-03-12,406,31,124,7
2020-03-13,503,37,97,6
2020-03-14,603,39,100,2
2020-03-15,603,40,0,1
2020-03-16,779,48,176,8
2020-03-17,955,55,176,7
2020-03-18,1022,67,67,12
2020-03-19,1223,73,201,6
2020-03-20,1394,83,171,10
2020-03-21,1647,94,253,11
2020-03-22,1833,97,186,3
2020-03-23,2076,109,243,12
2020-03-24,2216,116,140,7
2020-03-25,2540,133,324,17
2020-03-26,3138,150,598,17
2020-03-27,3410,157,272,7
2020-03-28,4030,188,620,31
2020-03-29,4340,198,310,10
2020-03-30,4649,205,309,7
2020-03-31,5158,225,509,20
2020-04-01,5305,234,147,9
2020-04-02,6045,271,740,37
2020-04-03,6345,291,300,20
2020-04-04,6764,315,419,24
2020-04-05,7292,336,528,21
2020-04-06,7663,381,371,45
2020-04-07,8015,400,352,19
2020-04-08,8361,426,346,26
2020-04-09,8801,456,440,30
2020-04-10,9211,483,410,27
2020-04-11,9586,495,375,12
2020-04-12,9877,506,291,11
2020-04-13,10016,513,139,7
2020-04-14,10315,530,299,17
2020-04-15,10559,552,244,22
2020-04-16,10785,579,226,27
2020-04-17,11183,603,398,24
2020-04-18,11332,613,149,10
2020-04-19,11819,636,487,23
