"date","positive","death","positiveIncrease","deathIncrease"
2020-01-22,0,0,0,0
2020-01-23,0,0,0,0
2020-01-24,0,0,0,0
2020-01-25,0,0,0,0
2020-01-26,0,0,0,0
2020-01-27,0,0,0,0
2020-01-28,0,0,0,0
2020-01-29,0,0,0,0
2020-01-30,0,0,0,0
2020-01-31,0,0,0,0
2020-02-01,0,0,0,0
2020-02-02,0,0,0,0
2020-02-03,0,0,0,0
2020-02-04,0,0,0,0
2020-02-05,0,0,0,0
2020-02-06,0,0,0,0
2020-02-07,0,0,0,0
2020-02-08,0,0,0,0
2020-02-09,0,0,0,0
2020-02-10,0,0,0,0
2020-02-11,0,0,0,0
2020-02-12,0,0,0,0
2020-02-13,0,0,0,0
2020-02-14,0,0,0,0
2020-02-15,0,0,0,0
2020-02-16,0,0,0,0
2020-02-17,0,0,0,0
2020-02-18,0,0,0,0
2020-02-19,0,0,0,0
2020-02-20,0,0,0,0
2020-02-21,0,0,0,0
2020-02-22,0,0,0,0
2020-02-23,0,0,0,0
2020-02-24,0,0,0,0
2020-02-25,0,0,0,0
2020-02-26,0,0,0,0
2020-02-27,0,0,0,0
2020-02-28,0,0,0,0
2020-02-29,0,0,0,0
2020-03-01,0,0,0,0
2020-03-02,0,0,0,0
2020-03-03,0,0,0,0
2020-03-04,0,0,0,0
2020-03-05,0,0,0,0
2020-03-06,0,0,0,0
2020-03-07,0,0,0,0
2020-03-08,0,0,0,0
2020-03-09,0,0,0,0
2020-03-10,0,0,0,0
2020-03-11,0,0,0,0
2020-03-12,0,0,0,0
2020-03-13,5,0,5,0
2020-03-14,7,0,2,0
2020-03-15,11,0,4,0
2020-03-16,29,0,18,0
2020-03-17,39,0,10,0
2020-03-18,51,0,12,0
2020-03-19,78,0,27,0
2020-03-20,106,0,28,0
2020-03-21,131,0,25,0
2020-03-22,157,0,26,0
2020-03-23,196,0,39,0
2020-03-24,242,0,46,0
2020-03-25,381,1,139,1
2020-03-26,517,1,136,0
2020-03-27,587,4,70,3
2020-03-28,694,4,107,0
2020-03-29,825,10,131,6
2020-03-30,899,10,74,0
2020-03-31,987,23,88,13
2020-04-01,1060,27,73,4
2020-04-02,1233,32,173,5
2020-04-03,1495,38,262,6
2020-04-04,1614,44,119,6
2020-04-05,1765,45,151,1
2020-04-06,1952,49,187,4
2020-04-07,2169,64,217,15
2020-04-08,2328,66,159,2
2020-04-09,2703,70,375,4
2020-04-10,2947,80,244,10
2020-04-11,3217,92,270,12
2020-04-12,3563,93,346,1
2020-04-13,3734,99,171,6
2020-04-14,3953,114,219,15
2020-04-15,4075,118,122,4
2020-04-16,4345,133,270,15
2020-04-17,4571,148,226,15
2020-04-18,4712,153,141,5
2020-04-19,4888,157,176,4
2020-04-20,5079,163,191,6
2020-04-21,5317,183,238,20
2020-04-22,5593,196,276,13
2020-04-23,5832,202,239,6
2020-04-24,6026,209,194,7
2020-04-25,6026,209,0,0
2020-04-26,6421,219,395,10
2020-04-27,6539,228,118,9
2020-04-28,6750,242,211,14
2020-04-29,6912,256,162,14
2020-04-30,7088,272,176,16
2020-05-01,7294,289,206,17
2020-05-02,7611,288,317,-1
2020-05-03,7888,290,277,2
2020-05-04,8112,298,224,8
2020-05-05,8437,315,325,17
2020-05-06,8691,343,254,28
2020-05-07,9046,369,355,26
2020-05-08,9385,383,339,14
2020-05-09,9668,390,283,7
2020-05-10,9889,393,221,3
2020-05-11,10164,403,275,10
2020-05-12,10464,435,300,32
2020-05-13,10700,450,236,15
2020-05-14,11101,473,401,23
2020-05-15,11373,483,272,10
2020-05-16,11674,485,301,2
2020-05-17,11771,488,97,3
2020-05-18,12086,489,315,1
2020-05-19,12376,504,290,15
2020-05-20,13052,522,676,18
2020-05-21,13288,529,236,7
2020-05-22,13670,541,382,12
2020-05-23,14117,549,447,8
2020-05-24,14478,551,361,2
2020-05-25,14986,566,508,15
2020-05-26,15650,580,664,14
2020-05-27,16032,583,382,3
2020-05-28,16530,591,498,8
2020-05-29,17031,610,501,19
2020-05-30,17359,618,328,8
2020-05-31,17952,630,593,12
2020-06-01,18630,646,678,16
2020-06-02,18766,653,136,7
2020-06-03,18851,653,85,0
2020-06-04,19072,653,221,0
2020-06-05,19387,676,315,23
2020-06-06,20043,689,656,13
2020-06-07,20500,692,457,3
2020-06-08,20925,718,425,26
2020-06-09,21422,729,497,11
2020-06-10,21989,744,567,15
2020-06-11,22845,755,856,11
2020-06-12,23710,769,865,14
2020-06-13,24601,773,891,4
2020-06-14,25615,773,1014,0
2020-06-15,26272,774,657,1
2020-06-16,26912,785,640,11
2020-06-17,27312,790,400,5
2020-06-18,28206,810,894,20
2020-06-19,29002,822,796,12
2020-06-20,29549,838,547,16
2020-06-21,30021,839,472,1
2020-06-22,30454,841,433,2
2020-06-23,31097,864,643,23
2020-06-24,32064,891,967,27
2020-06-25,33206,896,1142,5
2020-06-26,34183,907,977,11
2020-06-27,35083,919,900,12
2020-06-28,35441,919,358,0
2020-06-29,37175,929,1734,10
2020-06-30,38045,950,870,21
2020-07-01,38962,972,917,22
2020-07-02,40111,985,1149,13
2020-07-03,41865,1006,1754,21
2020-07-04,42862,1007,997,1
2020-07-05,43953,1007,1091,0
2020-07-06,44878,1007,925,0
2020-07-07,45785,1033,907,26
2020-07-08,46962,1058,1177,25
2020-07-09,49174,1068,2212,10
2020-07-10,50508,1104,1334,36
2020-07-11,51947,1114,1439,10
2020-07-12,53587,1121,1640,7
2020-07-13,55545,1124,1958,3
2020-07-14,57255,1164,1710,40
2020-07-15,59067,1211,1812,47
2020-07-16,61088,1230,2021,19
2020-07-17,63091,1265,2003,35
2020-07-18,65234,1286,2143,21
2020-07-19,67011,1287,1777,1
2020-07-20,68891,1291,1880,4
2020-07-21,70358,1303,1467,12
2020-07-22,71813,1364,1455,61
2020-07-23,74212,1397,2399,33
2020-07-24,76005,1438,1793,41
2020-07-25,78130,1456,2125,18
2020-07-26,79294,1473,1164,17
2020-07-27,81115,1491,1821,18
2020-07-28,82366,1491,1251,0
2020-07-29,83782,1538,1416,47
2020-07-30,85762,1565,1980,27
2020-07-31,87723,1580,1961,15
2020-08-01,89349,1603,1626,23
2020-08-02,91444,1627,2095,24
2020-08-03,92661,1633,1217,6
2020-08-04,93702,1666,1041,33
2020-08-05,94654,1695,952,29
2020-08-06,96592,1714,1938,19
2020-08-07,98301,1735,1709,21
2020-08-08,100173,1755,1872,20
2020-08-09,101334,1768,1161,13
