"date","positive","death","positiveIncrease","deathIncrease"
2020-01-22,0,0,0,0
2020-01-23,0,0,0,0
2020-01-24,0,0,0,0
2020-01-25,0,0,0,0
2020-01-26,0,0,0,0
2020-01-27,0,0,0,0
2020-01-28,0,0,0,0
2020-01-29,0,0,0,0
2020-01-30,0,0,0,0
2020-01-31,0,0,0,0
2020-02-01,0,0,0,0
2020-02-02,0,0,0,0
2020-02-03,0,0,0,0
2020-02-04,0,0,0,0
2020-02-05,0,0,0,0
2020-02-06,0,0,0,0
2020-02-07,0,0,0,0
2020-02-08,0,0,0,0
2020-02-09,0,0,0,0
2020-02-10,0,0,0,0
2020-02-11,0,0,0,0
2020-02-12,0,0,0,0
2020-02-13,0,0,0,0
2020-02-14,0,0,0,0
2020-02-15,0,0,0,0
2020-02-16,0,0,0,0
2020-02-17,0,0,0,0
2020-02-18,0,0,0,0
2020-02-19,0,0,0,0
2020-02-20,0,0,0,0
2020-02-21,0,0,0,0
2020-02-22,0,0,0,0
2020-02-23,0,0,0,0
2020-02-24,0,0,0,0
2020-02-25,0,0,0,0
2020-02-26,0,0,0,0
2020-02-27,0,0,0,0
2020-02-28,0,0,0,0
2020-02-29,0,0,0,0
2020-03-01,0,0,0,0
2020-03-02,0,0,0,0
2020-03-03,0,0,0,0
2020-03-04,0,0,0,0
2020-03-05,1,0,1,0
2020-03-06,2,0,1,0
2020-03-07,2,0,0,0
2020-03-08,4,0,2,0
2020-03-09,4,0,0,0
2020-03-10,4,0,0,0
2020-03-11,7,0,3,0
2020-03-12,10,0,3,0
2020-03-13,18,0,8,0
2020-03-14,20,0,2,0
2020-03-15,20,0,0,0
2020-03-16,45,1,25,1
2020-03-17,55,1,10,0
2020-03-18,55,1,0,0
2020-03-19,84,1,29,0
2020-03-20,143,2,59,1
2020-03-21,151,2,8,0
2020-03-22,154,2,3,0
2020-03-23,156,4,2,2
2020-03-24,263,4,107,0
2020-03-25,308,6,45,2
2020-03-26,416,6,108,0
2020-03-27,520,10,104,4
2020-03-28,533,10,13,0
2020-03-29,651,15,118,5
2020-03-30,880,15,229,0
2020-03-31,1012,26,132,11
2020-04-01,1131,31,119,5
2020-04-02,1315,38,184,7
2020-04-03,1498,43,183,5
2020-04-04,1708,46,210,3
2020-04-05,1830,46,122,0
2020-04-06,1920,46,90,0
2020-04-07,2091,60,171,14
2020-04-08,2259,72,168,12
2020-04-09,2399,80,140,8
2020-04-10,2576,86,177,6
2020-04-11,2606,86,30,0
2020-04-12,2813,112,207,26
2020-04-13,2990,114,177,2
2020-04-14,3134,120,144,6
2020-04-15,3206,131,72,11
2020-04-16,3212,131,6,0
2020-04-17,3426,141,214,10
2020-04-18,3592,151,166,10
2020-04-19,3708,158,116,7
2020-04-20,3794,159,86,1
2020-04-21,3903,163,109,4
2020-04-22,4075,172,172,9
2020-04-23,4204,190,129,18
2020-04-24,4333,195,129,5
2020-04-25,4523,205,190,10
2020-04-26,4639,205,116,0
2020-04-27,4700,205,61,0
2020-04-28,4821,219,121,14
2020-04-29,4934,230,113,11
2020-04-30,5053,236,119,6
2020-05-01,5248,243,195,7
2020-05-02,5389,252,141,9
2020-05-03,5472,255,83,3
2020-05-04,5630,262,158,7
2020-05-05,5660,267,30,5
2020-05-06,5741,280,81,13
2020-05-07,5855,288,114,8
2020-05-08,5891,289,36,1
2020-05-09,6049,301,158,12
2020-05-10,6120,305,71,4
2020-05-11,6143,305,23,0
2020-05-12,6282,313,139,8
2020-05-13,6476,324,194,11
2020-05-14,6504,326,28,2
2020-05-15,6733,343,229,17
2020-05-16,6813,345,80,2
2020-05-17,6949,349,136,4
2020-05-18,7061,353,112,4
2020-05-19,7096,352,35,-1
2020-05-20,7388,371,292,19
2020-05-21,7400,377,12,6
2020-05-22,7525,380,125,3
2020-05-23,7526,381,1,1
2020-05-24,7881,380,355,-1
2020-05-25,7956,394,75,14
2020-05-26,8057,394,101,0
2020-05-27,8150,396,93,2
2020-05-28,8248,406,98,10
2020-05-29,8376,406,128,0
2020-05-30,8517,415,141,9
2020-05-31,8628,415,111,0
2020-06-01,8702,415,74,0
2020-06-02,8858,415,156,0
2020-06-03,8951,429,93,14
2020-06-04,9129,430,178,1
2020-06-05,9309,436,180,6
2020-06-06,9491,437,182,1
2020-06-07,9669,438,178,1
2020-06-08,9816,442,147,4
2020-06-09,10045,446,229,4
2020-06-10,10218,449,173,3
2020-06-11,10473,459,255,10
2020-06-12,10704,461,231,2
2020-06-13,10997,462,293,1
2020-06-14,11201,463,204,1
2020-06-15,11315,465,114,2
2020-06-16,11683,467,368,2
2020-06-17,11854,473,171,6
2020-06-18,12169,475,315,2
2020-06-19,12524,479,355,4
2020-06-20,12976,486,452,7
2020-06-21,13240,487,264,1
2020-06-22,13528,489,288,2
2020-06-23,13997,492,469,3
2020-06-24,14362,494,365,2
2020-06-25,14859,495,497,1
2020-06-26,15240,498,381,3
2020-06-27,16339,500,1099,2
2020-06-28,17160,500,821,0
2020-06-29,17894,504,734,4
2020-06-30,18456,507,562,3
2020-07-01,19101,511,645,4
2020-07-02,19733,525,632,14
2020-07-03,20718,528,985,3
2020-07-04,21575,530,857,2
2020-07-05,22418,534,843,4
2020-07-06,22909,537,491,3
2020-07-07,23785,548,876,11
2020-07-08,24301,553,516,5
2020-07-09,24904,571,603,18
2020-07-10,25908,579,1004,8
2020-07-11,26838,592,930,13
2020-07-12,27683,593,845,1
2020-07-13,28515,593,832,0
2020-07-14,29619,612,1104,19
2020-07-15,30468,618,849,6
2020-07-16,31915,626,1447,8
2020-07-17,33295,637,1380,11
2020-07-18,34477,646,1182,9
2020-07-19,35765,647,1288,1
2020-07-20,36713,648,948,1
2020-07-21,37528,676,815,28
2020-07-22,38657,704,1129,28
2020-07-23,39919,709,1262,5
2020-07-24,40885,722,966,13
2020-07-25,41816,732,931,10
2020-07-26,42843,734,1027,2
2020-07-27,43831,739,988,5
2020-07-28,44936,759,1105,20
2020-07-29,45806,780,870,21
2020-07-30,46824,801,1018,21
2020-07-31,48088,830,1264,29
2020-08-01,49074,832,986,2
2020-08-02,50205,832,1131,0
2020-08-03,51199,847,994,15
2020-08-04,52179,862,980,15
2020-08-05,52828,890,649,28
2020-08-06,53557,900,729,10
2020-08-07,54533,920,976,20
2020-08-08,55419,949,886,29
2020-08-09,56230,957,811,8
2020-08-10,56972,963,742,6
2020-08-11,57520,981,548,18
2020-08-12,58048,996,528,15
2020-08-13,58650,1030,602,34
2020-08-14,59749,1045,1099,15
2020-08-15,60608,1069,859,24
2020-08-16,61305,1072,697,3
2020-08-17,61967,1077,662,5
2020-08-18,62639,1102,672,25
2020-08-19,63028,1134,389,32
2020-08-20,63584,1172,556,38
2020-08-21,64433,1185,849,13
2020-08-22,65069,1197,636,12
2020-08-23,65601,1197,532,0
2020-08-24,66010,1200,409,3
2020-08-25,66413,1230,403,30
2020-08-26,66666,1250,253,20
2020-08-27,67220,1271,554,21
2020-08-28,67852,1287,632,16
2020-08-29,68461,1302,609,15
2020-08-30,68908,1302,447,0
2020-08-31,69228,1305,320,3
2020-09-01,69633,1313,405,8
2020-09-02,69872,1336,239,23
2020-09-03,70223,1363,351,27
2020-09-04,70712,1375,489,12
2020-09-05,71102,1388,390,13
2020-09-06,71610,1389,508,1
