"date","positive","death","positiveIncrease","deathIncrease"
2020-01-22,0,0,0,0
2020-01-23,0,0,0,0
2020-01-24,0,0,0,0
2020-01-25,0,0,0,0
2020-01-26,0,0,0,0
2020-01-27,0,0,0,0
2020-01-28,0,0,0,0
2020-01-29,0,0,0,0
2020-01-30,0,0,0,0
2020-01-31,0,0,0,0
2020-02-01,0,0,0,0
2020-02-02,0,0,0,0
2020-02-03,0,0,0,0
2020-02-04,0,0,0,0
2020-02-05,0,0,0,0
2020-02-06,0,0,0,0
2020-02-07,0,0,0,0
2020-02-08,0,0,0,0
2020-02-09,0,0,0,0
2020-02-10,0,0,0,0
2020-02-11,0,0,0,0
2020-02-12,0,0,0,0
2020-02-13,0,0,0,0
2020-02-14,0,0,0,0
2020-02-15,0,0,0,0
2020-02-16,0,0,0,0
2020-02-17,0,0,0,0
2020-02-18,0,0,0,0
2020-02-19,0,0,0,0
2020-02-20,0,0,0,0
2020-02-21,0,0,0,0
2020-02-22,0,0,0,0
2020-02-23,0,0,0,0
2020-02-24,0,0,0,0
2020-02-25,0,0,0,0
2020-02-26,0,0,0,0
2020-02-27,0,0,0,0
2020-02-28,0,0,0,0
2020-02-29,0,0,0,0
2020-03-01,0,0,0,0
2020-03-02,0,0,0,0
2020-03-03,0,0,0,0
2020-03-04,0,0,0,0
2020-03-05,0,0,0,0
2020-03-06,3,0,3,0
2020-03-07,3,0,0,0
2020-03-08,5,0,2,0
2020-03-09,5,0,0,0
2020-03-10,8,0,3,0
2020-03-11,9,0,1,0
2020-03-12,12,0,3,0
2020-03-13,18,0,6,0
2020-03-14,27,0,9,0
2020-03-15,24,0,-3,0
2020-03-16,42,0,18,0
2020-03-17,60,0,18,0
2020-03-18,85,0,25,0
2020-03-19,107,1,22,1
2020-03-20,149,2,42,1
2020-03-21,193,2,44,0
2020-03-22,244,3,51,1
2020-03-23,290,3,46,0
2020-03-24,349,4,59,1
2020-03-25,425,4,76,0
2020-03-26,583,4,158,0
2020-03-27,775,5,192,1
2020-03-28,995,5,220,0
2020-03-29,1239,10,244,5
2020-03-30,1413,15,174,5
2020-03-31,1660,18,247,3
2020-04-01,1986,31,326,13
2020-04-02,2331,36,345,5
2020-04-03,2758,43,427,7
2020-04-04,3125,54,367,11
2020-04-05,3617,67,492,13
2020-04-06,4045,91,428,24
2020-04-07,4371,103,326,12
2020-04-08,5529,124,1158,21
2020-04-09,6185,138,656,14
2020-04-10,6968,171,783,33
2020-04-11,7694,206,726,35
2020-04-12,8225,236,531,30
2020-04-13,8936,262,711,26
2020-04-14,9472,302,536,40
2020-04-15,10032,311,560,9
2020-04-16,10784,319,752,8
2020-04-17,11572,334,788,15
2020-04-18,12326,421,754,87
2020-04-19,12847,461,521,40
2020-04-20,13684,582,837,121
2020-04-21,14193,652,509,70
2020-04-22,14775,698,582,46
2020-04-23,15737,748,962,50
2020-04-24,16616,798,879,50
2020-04-25,17766,875,1150,77
2020-04-26,18581,910,815,35
2020-04-27,19487,945,906,35
2020-04-28,20113,1016,626,71
2020-04-29,20849,1078,736,62
2020-04-30,21742,1140,893,62
2020-05-01,23472,1080,1730,-60
2020-05-02,24473,1251,1001,171
2020-05-03,25462,1281,989,30
2020-05-04,26408,1317,946,36
2020-05-05,27117,1390,709,73
2020-05-06,28163,1437,1046,47
2020-05-07,29374,1503,1211,66
2020-05-08,30485,1560,1111,57
2020-05-09,31534,1614,1049,54
2020-05-10,32587,1644,1053,30
2020-05-11,33373,1683,786,39
2020-05-12,34061,1756,688,73
2020-05-13,34812,1809,751,53
2020-05-14,35903,1866,1091,57
2020-05-15,36986,1911,1083,45
2020-05-16,37968,1957,982,46
2020-05-17,38804,1992,836,35
2020-05-18,39762,2023,958,31
2020-05-19,41546,2081,1784,58
2020-05-20,42323,2123,777,42
2020-05-21,43531,2159,1208,36
2020-05-22,44424,2207,893,48
2020-05-23,45495,2243,1071,36
2020-05-24,46313,2277,818,34
2020-05-25,47152,2302,839,25
2020-05-26,47687,2333,535,31
2020-05-27,48423,2392,736,59
2020-05-28,49709,2428,1286,36
2020-05-29,50988,2466,1279,38
2020-05-30,52015,2509,1027,43
2020-05-31,52778,2532,763,23
2020-06-01,53327,2552,549,20
2020-06-02,54175,2597,848,45
2020-06-03,54982,2641,807,44
2020-06-04,55858,2668,876,27
2020-06-05,56770,2702,912,34
2020-06-06,57482,2740,712,38
2020-06-07,57973,2749,491,9
2020-06-08,58404,2776,431,27
2020-06-09,58904,2811,500,35
2020-06-10,59465,2844,561,33
2020-06-11,60197,2875,732,31
2020-06-12,60613,2900,416,25
2020-06-13,61305,2926,692,26
2020-06-14,61701,2939,396,13
2020-06-15,62032,2947,331,8
2020-06-16,62409,2982,377,35
2020-06-17,62969,2996,560,14
2020-06-18,63229,3016,260,20
2020-06-19,63548,3030,319,14
2020-06-20,63956,3052,408,22
2020-06-21,64306,3066,350,14
