"date","positive","death","positiveIncrease","deathIncrease"
2020-01-22,0,0,0,0
2020-01-23,0,0,0,0
2020-01-24,0,0,0,0
2020-01-25,0,0,0,0
2020-01-26,0,0,0,0
2020-01-27,0,0,0,0
2020-01-28,0,0,0,0
2020-01-29,0,0,0,0
2020-01-30,0,0,0,0
2020-01-31,0,0,0,0
2020-02-01,0,0,0,0
2020-02-02,0,0,0,0
2020-02-03,0,0,0,0
2020-02-04,0,0,0,0
2020-02-05,0,0,0,0
2020-02-06,0,0,0,0
2020-02-07,0,0,0,0
2020-02-08,0,0,0,0
2020-02-09,0,0,0,0
2020-02-10,0,0,0,0
2020-02-11,0,0,0,0
2020-02-12,0,0,0,0
2020-02-13,0,0,0,0
2020-02-14,0,0,0,0
2020-02-15,0,0,0,0
2020-02-16,0,0,0,0
2020-02-17,0,0,0,0
2020-02-18,0,0,0,0
2020-02-19,0,0,0,0
2020-02-20,0,0,0,0
2020-02-21,0,0,0,0
2020-02-22,0,0,0,0
2020-02-23,0,0,0,0
2020-02-24,0,0,0,0
2020-02-25,0,0,0,0
2020-02-26,0,0,0,0
2020-02-27,0,0,0,0
2020-02-28,0,0,0,0
2020-02-29,0,0,0,0
2020-03-01,0,0,0,0
2020-03-02,0,0,0,0
2020-03-03,0,0,0,0
2020-03-04,0,0,0,0
2020-03-05,0,0,0,0
2020-03-06,0,0,0,0
2020-03-07,0,0,0,0
2020-03-08,0,0,0,0
2020-03-09,0,0,0,0
2020-03-10,0,0,0,0
2020-03-11,0,0,0,0
2020-03-12,0,0,0,0
2020-03-13,0,0,0,0
2020-03-14,0,0,0,0
2020-03-15,0,0,0,0
2020-03-16,0,0,0,0
2020-03-17,0,0,0,0
2020-03-18,1,0,1,0
2020-03-19,2,0,1,0
2020-03-20,8,0,6,0
2020-03-21,12,0,4,0
2020-03-22,16,0,4,0
2020-03-23,16,0,0,0
2020-03-24,22,0,6,0
2020-03-25,39,0,17,0
2020-03-26,52,0,13,0
2020-03-27,76,0,24,0
2020-03-28,96,0,20,0
2020-03-29,113,0,17,0
2020-03-30,145,1,32,1
2020-03-31,162,1,17,0
2020-04-01,191,1,29,0
2020-04-02,216,2,25,1
2020-04-03,237,2,21,0
2020-04-04,282,2,45,0
2020-04-05,324,3,42,1
2020-04-06,345,4,21,1
2020-04-07,412,4,67,0
2020-04-08,483,4,71,0
2020-04-09,514,5,31,1
2020-04-10,574,5,60,0
2020-04-11,577,5,3,0
2020-04-12,593,6,16,1
2020-04-13,611,8,18,2
2020-04-14,640,9,29,1
2020-04-15,702,10,62,1
2020-04-16,728,12,26,2
2020-04-17,775,16,47,4
2020-04-18,785,16,10,0
2020-04-19,890,18,105,2
2020-04-20,902,24,12,6
2020-04-21,908,26,6,2
2020-04-22,939,27,31,1
2020-04-23,981,31,42,4
2020-04-24,1010,32,29,1
2020-04-25,1010,32,0,0
2020-04-26,1055,34,45,2
2020-04-27,1063,34,8,0
2020-04-28,1095,38,32,4
2020-04-29,1110,38,15,0
2020-04-30,1125,41,15,3
2020-05-01,1152,46,27,5
2020-05-02,1185,48,33,2
2020-05-03,1195,48,10,0
2020-05-04,1224,48,29,0
2020-05-05,1246,48,22,0
2020-05-06,1242,50,-4,2
2020-05-07,1287,51,45,1
2020-05-08,1323,52,36,1
2020-05-09,1323,52,0,0
2020-05-10,1360,54,37,2
2020-05-11,1366,54,6,0
2020-05-12,1378,58,12,4
2020-05-13,1398,58,20,0
2020-05-14,1427,60,29,2
2020-05-15,1447,64,20,4
2020-05-16,1470,64,23,0
2020-05-17,1492,67,22,3
2020-05-18,1502,68,10,1
2020-05-19,1502,68,0,0
2020-05-20,1567,69,65,1
2020-05-21,1593,70,26,1
2020-05-22,1705,72,112,2
2020-05-23,1705,72,0,0
2020-05-24,1759,72,54,0
2020-05-25,1774,72,15,0
2020-05-26,1774,72,0,0
2020-05-27,1899,74,125,2
2020-05-28,1935,74,36,0
2020-05-29,1951,74,16,0
2020-05-30,1989,75,38,1
2020-05-31,2010,75,21,0
2020-06-01,2028,76,18,1
2020-06-02,2056,78,28,2
2020-06-03,2077,78,21,0
2020-06-04,2102,79,25,1
2020-06-05,2119,84,17,5
2020-06-06,2136,84,17,0
2020-06-07,2144,84,8,0
2020-06-08,2161,84,17,0
2020-06-09,2169,84,8,0
2020-06-10,2194,85,25,1
2020-06-11,2217,86,23,1
2020-06-12,2249,88,32,2
2020-06-13,2274,88,25,0
2020-06-14,2290,88,16,0
2020-06-15,2322,88,32,0
2020-06-16,2341,88,19,0
2020-06-17,2376,88,35,0
2020-06-18,2418,88,42,0
2020-06-19,2468,88,50,0
2020-06-20,2500,88,32,0
2020-06-21,2533,89,33,1
2020-06-22,2552,89,19,0
2020-06-23,2593,92,41,3
2020-06-24,2631,92,38,0
2020-06-25,2694,92,63,0
2020-06-26,2730,92,36,0
2020-06-27,2782,93,52,1
2020-06-28,2832,93,50,0
2020-06-29,2870,93,38,0
2020-06-30,2905,93,35,0
2020-07-01,2979,93,74,0
2020-07-02,3053,93,74,0
2020-07-03,3126,93,73,0
2020-07-04,3205,94,79,1
2020-07-05,3262,94,57,0
2020-07-06,3442,95,180,1
2020-07-07,3505,95,63,0
2020-07-08,3707,95,202,0
2020-07-09,3826,95,119,0
2020-07-10,3983,95,157,0
2020-07-11,4146,96,163,1
2020-07-12,4244,96,98,0
2020-07-13,4313,97,69,1
2020-07-14,4407,97,94,0
2020-07-15,4557,98,150,1
2020-07-16,4657,99,100,1
2020-07-17,4783,100,126,1
2020-07-18,4894,100,111,0
2020-07-19,4990,100,96,0
2020-07-20,5084,100,94,0
2020-07-21,5172,101,88,1
2020-07-22,5212,101,40,0
2020-07-23,5452,102,240,1
2020-07-24,5653,103,201,1
2020-07-25,5775,103,122,0
2020-07-26,5889,103,114,0
2020-07-27,5999,104,110,1
2020-07-28,6120,108,121,4
2020-07-29,6277,111,157,3
2020-07-30,6375,112,98,1
2020-07-31,6579,116,204,4
2020-08-01,6738,116,159,0
2020-08-02,6858,117,120,1
2020-08-03,6978,117,120,0
2020-08-04,7059,124,81,7
2020-08-05,7162,124,103,0
2020-08-06,7278,124,116,0
2020-08-07,7452,127,174,3
2020-08-08,7563,131,111,4
2020-08-09,7695,139,132,8
2020-08-10,7757,141,62,2
2020-08-11,7879,147,122,6
2020-08-12,8018,153,139,6
2020-08-13,8163,153,145,0
2020-08-14,8277,157,114,4
2020-08-15,8462,160,185,3
2020-08-16,8567,160,105,0
2020-08-17,8641,160,74,0
2020-08-18,8738,162,97,2
2020-08-19,8807,166,69,4
2020-08-20,8987,167,180,1
2020-08-21,9077,171,90,4
2020-08-22,9185,177,108,6
2020-08-23,9273,179,88,2
