"date","positive","death","positiveIncrease","deathIncrease"
2020-01-22,0,0,0,0
2020-01-23,0,0,0,0
2020-01-24,0,0,0,0
2020-01-25,0,0,0,0
2020-01-26,0,0,0,0
2020-01-27,0,0,0,0
2020-01-28,0,0,0,0
2020-01-29,0,0,0,0
2020-01-30,0,0,0,0
2020-01-31,0,0,0,0
2020-02-01,0,0,0,0
2020-02-02,0,0,0,0
2020-02-03,0,0,0,0
2020-02-04,0,0,0,0
2020-02-05,0,0,0,0
2020-02-06,0,0,0,0
2020-02-07,0,0,0,0
2020-02-08,0,0,0,0
2020-02-09,0,0,0,0
2020-02-10,0,0,0,0
2020-02-11,0,0,0,0
2020-02-12,0,0,0,0
2020-02-13,0,0,0,0
2020-02-14,0,0,0,0
2020-02-15,0,0,0,0
2020-02-16,0,0,0,0
2020-02-17,0,0,0,0
2020-02-18,0,0,0,0
2020-02-19,0,0,0,0
2020-02-20,0,0,0,0
2020-02-21,0,0,0,0
2020-02-22,0,0,0,0
2020-02-23,0,0,0,0
2020-02-24,0,0,0,0
2020-02-25,0,0,0,0
2020-02-26,0,0,0,0
2020-02-27,0,0,0,0
2020-02-28,0,0,0,0
2020-02-29,0,0,0,0
2020-03-01,0,0,0,0
2020-03-02,0,0,0,0
2020-03-03,0,0,0,0
2020-03-04,0,0,0,0
2020-03-05,0,0,0,0
2020-03-06,0,0,0,0
2020-03-07,1,0,1,0
2020-03-08,1,0,0,0
2020-03-09,1,0,0,0
2020-03-10,2,0,1,0
2020-03-11,3,0,1,0
2020-03-12,3,0,0,0
2020-03-13,7,0,4,0
2020-03-14,8,0,1,0
2020-03-15,18,0,10,0
2020-03-16,28,0,10,0
2020-03-17,39,0,11,0
2020-03-18,47,0,8,0
2020-03-19,62,0,15,0
2020-03-20,95,0,33,0
2020-03-21,118,0,23,0
2020-03-22,162,1,44,1
2020-03-23,244,1,82,0
2020-03-24,285,1,41,0
2020-03-25,326,1,41,0
2020-03-26,382,1,56,0
2020-03-27,458,1,76,0
2020-03-28,588,1,130,0
2020-03-29,706,2,118,1
2020-03-30,779,4,73,2
2020-03-31,866,5,87,1
2020-04-01,866,5,0,0
2020-04-02,1064,7,198,2
2020-04-03,1248,7,184,0
2020-04-04,1428,8,180,1
2020-04-05,1599,8,171,0
2020-04-06,1678,13,79,5
2020-04-07,1739,13,61,0
2020-04-08,1848,13,109,0
2020-04-09,1856,13,8,0
2020-04-10,2103,13,247,0
2020-04-11,2207,13,104,0
2020-04-12,2299,13,92,0
2020-04-13,2363,13,64,0
2020-04-14,2417,13,54,0
2020-04-15,2548,13,131,0
2020-04-16,2683,13,135,0
2020-04-17,2793,23,110,10
2020-04-18,2917,25,124,2
2020-04-19,3069,27,152,2
2020-04-20,3213,28,144,1
2020-04-21,3297,32,84,4
2020-04-22,3445,32,148,0
2020-04-23,3612,35,167,3
2020-04-24,3782,39,170,4
2020-04-25,3948,41,166,2
2020-04-26,4123,41,175,0
2020-04-27,4236,41,113,0
2020-04-28,4345,41,109,0
2020-04-29,4497,45,152,4
2020-04-30,4672,46,175,1
2020-05-01,4828,46,156,0
2020-05-02,4985,49,157,3
2020-05-03,5175,50,190,1
2020-05-04,5317,50,142,0
2020-05-05,5449,56,132,6
2020-05-06,5595,58,146,2
2020-05-07,5724,61,129,3
2020-05-08,5919,61,195,0
2020-05-09,6103,66,184,5
2020-05-10,6251,67,148,1
2020-05-11,6362,68,111,1
2020-05-12,6432,73,70,5
2020-05-13,6620,75,188,2
2020-05-14,6749,75,129,0
2020-05-15,6913,77,164,2
2020-05-16,7068,78,155,1
2020-05-17,7238,80,170,2
2020-05-18,7384,80,146,0
2020-05-19,7518,88,134,8
2020-05-20,7710,90,192,2
2020-05-21,7874,92,164,2
2020-05-22,8057,93,183,1
2020-05-23,8260,97,203,4
2020-05-24,8392,97,132,0
2020-05-25,8521,98,129,1
2020-05-26,8620,101,99,3
2020-05-27,8706,105,86,4
2020-05-28,8921,106,215,1
2020-05-29,9264,107,343,1
2020-05-30,9533,112,269,5
2020-05-31,9797,113,264,1
2020-06-01,9999,113,202,0
2020-06-02,10202,113,203,0
2020-06-03,10497,117,295,4
2020-06-04,10813,117,316,0
2020-06-05,11252,120,439,3
2020-06-06,11798,121,546,1
2020-06-07,12066,121,268,0
2020-06-08,12322,124,256,3
2020-06-09,12559,127,237,3
2020-06-10,12864,128,305,1
2020-06-11,13252,131,388,3
2020-06-12,13577,139,325,8
2020-06-13,13981,139,404,0
2020-06-14,14313,139,332,0
2020-06-15,14608,143,295,4
2020-06-16,14937,145,329,2
2020-06-17,15344,149,407,4
2020-06-18,15839,152,495,3
2020-06-19,16425,155,586,3
2020-06-20,17068,155,643,0
2020-06-21,17462,158,394,3
2020-06-22,17906,158,444,0
2020-06-23,18300,163,394,5
2020-06-24,18784,163,484,0
2020-06-25,19374,164,590,1
2020-06-26,20050,166,676,2
2020-06-27,20628,167,578,1
2020-06-28,21100,167,472,0
2020-06-29,21664,168,564,1
2020-06-30,22217,172,553,4
2020-07-01,22716,173,499,1
2020-07-02,23270,176,554,3
2020-07-03,23866,181,596,5
2020-07-04,24542,181,676,0
2020-07-05,24952,184,410,3
2020-07-06,25469,190,517,6
2020-07-07,26033,194,564,4
2020-07-08,26755,201,722,7
2020-07-09,27356,205,601,4
2020-07-10,28223,207,867,2
2020-07-11,28855,212,632,5
2020-07-12,29484,215,629,3
2020-07-13,30030,216,546,1
2020-07-14,30478,226,448,10
2020-07-15,30891,233,413,7
2020-07-16,31845,234,954,1
2020-07-17,32572,235,727,1
2020-07-18,33332,243,760,8
2020-07-19,34117,243,785,0
2020-07-20,34526,247,409,4
2020-07-21,35012,251,486,4
2020-07-22,35578,260,566,9
2020-07-23,36099,267,521,7
2020-07-24,36962,273,863,6
2020-07-25,37623,274,661,1
2020-07-26,37973,274,350,0
2020-07-27,38409,281,436,7
2020-07-28,38855,286,446,5
2020-07-29,39194,292,339,6
2020-07-30,39696,300,502,8
2020-07-31,40196,304,500,4
2020-08-01,40702,310,506,6
2020-08-02,41175,311,473,1
2020-08-03,41529,314,354,3
2020-08-04,41907,321,378,7
2020-08-05,42328,327,421,6
2020-08-06,42915,330,587,3
2020-08-07,43375,335,460,5
2020-08-08,43751,335,376,0
2020-08-09,44127,336,376,1
2020-08-10,44390,345,263,9
2020-08-11,44752,349,362,4
2020-08-12,45090,351,338,2
2020-08-13,45424,353,334,2
2020-08-14,45976,360,552,7
2020-08-15,46321,363,345,3
2020-08-16,46652,363,331,0
2020-08-17,46894,364,242,1
2020-08-18,47157,369,263,5
2020-08-19,47521,377,364,8
2020-08-20,47982,381,461,4
2020-08-21,48445,383,463,2
2020-08-22,48814,385,369,2
2020-08-23,49115,385,301,0
2020-08-24,49364,390,249,5
2020-08-25,49767,397,403,7
2020-08-26,50174,401,407,4
2020-08-27,50557,403,383,2
2020-08-28,50948,407,391,4
2020-08-29,51406,407,458,0
2020-08-30,51854,407,448,0
