"date","positive","death","positiveIncrease","deathIncrease"
2020-01-22,0,0,0,0
2020-01-23,0,0,0,0
2020-01-24,0,0,0,0
2020-01-25,0,0,0,0
2020-01-26,0,0,0,0
2020-01-27,0,0,0,0
2020-01-28,0,0,0,0
2020-01-29,0,0,0,0
2020-01-30,0,0,0,0
2020-01-31,0,0,0,0
2020-02-01,0,0,0,0
2020-02-02,0,0,0,0
2020-02-03,0,0,0,0
2020-02-04,0,0,0,0
2020-02-05,0,0,0,0
2020-02-06,0,0,0,0
2020-02-07,0,0,0,0
2020-02-08,0,0,0,0
2020-02-09,0,0,0,0
2020-02-10,0,0,0,0
2020-02-11,0,0,0,0
2020-02-12,0,0,0,0
2020-02-13,0,0,0,0
2020-02-14,0,0,0,0
2020-02-15,0,0,0,0
2020-02-16,0,0,0,0
2020-02-17,0,0,0,0
2020-02-18,0,0,0,0
2020-02-19,0,0,0,0
2020-02-20,0,0,0,0
2020-02-21,0,0,0,0
2020-02-22,0,0,0,0
2020-02-23,0,0,0,0
2020-02-24,0,0,0,0
2020-02-25,0,0,0,0
2020-02-26,0,0,0,0
2020-02-27,0,0,0,0
2020-02-28,0,0,0,0
2020-02-29,0,0,0,0
2020-03-01,0,0,0,0
2020-03-02,1,0,1,0
2020-03-03,2,0,1,0
2020-03-04,2,0,0,0
2020-03-05,2,0,0,0
2020-03-06,2,0,0,0
2020-03-07,2,0,0,0
2020-03-08,4,0,2,0
2020-03-09,4,0,0,0
2020-03-10,4,0,0,0
2020-03-11,5,0,1,0
2020-03-12,6,0,1,0
2020-03-13,6,0,0,0
2020-03-14,7,0,1,0
2020-03-15,7,0,0,0
2020-03-16,17,0,10,0
2020-03-17,26,0,9,0
2020-03-18,37,0,11,0
2020-03-19,42,0,5,0
2020-03-20,53,0,11,0
2020-03-21,61,0,8,0
2020-03-22,73,0,12,0
2020-03-23,101,1,28,1
2020-03-24,101,1,0,0
2020-03-25,108,1,7,0
2020-03-26,137,1,29,0
2020-03-27,158,1,21,0
2020-03-28,187,2,29,1
2020-03-29,214,2,27,0
2020-03-30,314,3,100,1
2020-03-31,357,3,43,0
2020-04-01,367,3,10,0
2020-04-02,479,3,112,0
2020-04-03,479,5,0,2
2020-04-04,540,7,61,2
2020-04-05,621,9,81,2
2020-04-06,715,9,94,0
2020-04-07,715,9,0,0
2020-04-08,747,13,32,4
2020-04-09,819,21,72,8
2020-04-10,819,21,0,0
2020-04-11,885,22,66,1
2020-04-12,929,23,44,1
2020-04-13,985,23,56,0
2020-04-14,922,25,-63,2
2020-04-15,1139,32,217,7
2020-04-16,1139,32,0,0
2020-04-17,1287,37,148,5
2020-04-18,1342,38,55,1
2020-04-19,1390,38,48,0
2020-04-20,1447,42,57,4
2020-04-21,1490,42,43,0
2020-04-22,1588,48,98,6
2020-04-23,1670,51,82,3
2020-04-24,1720,53,50,2
2020-04-25,1797,53,77,0
2020-04-26,1864,60,67,7
2020-04-27,1938,60,74,0
2020-04-28,2010,60,72,0
2020-04-29,2058,60,48,0
2020-04-30,2146,72,88,12
2020-05-01,2310,81,164,9
2020-05-02,2429,84,119,3
2020-05-03,2518,86,89,2
2020-05-04,2588,86,70,0
2020-05-05,2636,92,48,6
2020-05-06,2741,92,105,0
2020-05-07,2843,114,102,22
2020-05-08,2947,121,104,7
2020-05-09,3011,131,64,10
2020-05-10,3071,133,60,2
2020-05-11,3160,133,89,0
2020-05-12,3239,142,79,9
2020-05-13,3299,150,60,8
2020-05-14,3382,151,83,1
2020-05-15,3453,151,71,0
2020-05-16,3556,171,103,20
2020-05-17,3596,172,40,1
2020-05-18,3652,172,56,0
2020-05-19,3721,172,69,0
2020-05-20,3868,190,147,18
2020-05-21,3935,199,67,9
2020-05-22,4014,204,79,5
2020-05-23,4089,208,75,4
2020-05-24,4149,209,60,1
2020-05-25,4197,210,48,1
2020-05-26,4231,214,34,4
2020-05-27,4286,223,55,9
2020-05-28,4389,232,103,9
2020-05-29,4492,238,103,6
2020-05-30,4492,238,0,0
2020-05-31,4651,245,159,7
2020-06-01,4685,245,34,0
2020-06-02,4749,256,64,11
2020-06-03,4795,265,46,9
2020-06-04,4876,273,81,8
2020-06-05,4953,278,77,5
2020-06-06,5019,283,66,5
2020-06-07,5043,286,24,3
2020-06-08,5079,286,36,0
2020-06-09,5079,286,0,0
2020-06-10,5178,301,99,15
2020-06-11,5209,308,31,7
2020-06-12,5251,315,42,7
2020-06-13,5299,318,48,3
2020-06-14,5318,320,19,2
2020-06-15,5345,320,27,0
2020-06-16,5364,326,19,6
2020-06-17,5436,330,72,4
2020-06-18,5450,331,14,1
2020-06-19,5486,337,36,6
2020-06-20,5518,339,32,2
2020-06-21,5544,339,26,0
2020-06-22,5558,339,14,0
2020-06-23,5571,343,13,4
2020-06-24,5598,347,27,4
2020-06-25,5638,357,40,10
2020-06-26,5671,365,33,8
2020-06-27,5717,367,46,2
2020-06-28,5747,367,30,0
2020-06-29,5760,367,13,0
2020-06-30,5782,371,22,4
2020-07-01,5802,373,20,2
2020-07-02,5822,375,20,2
2020-07-03,5857,376,35,1
2020-07-04,5872,379,15,3
2020-07-05,5897,381,25,2
2020-07-06,5914,382,17,1
2020-07-07,5932,384,18,2
2020-07-08,5952,386,20,2
2020-07-09,5973,387,21,1
2020-07-10,5991,390,18,3
2020-07-11,6024,391,33,1
2020-07-12,6054,391,30,0
2020-07-13,6068,391,14,0
2020-07-14,6091,392,23,1
2020-07-15,6113,394,22,2
2020-07-16,6139,395,26,1
2020-07-17,6165,395,26,0
2020-07-18,6188,396,23,1
2020-07-19,6203,398,15,2
