"date","positive","death","positiveIncrease","deathIncrease"
2020-01-22,0,0,0,0
2020-01-23,0,0,0,0
2020-01-24,0,0,0,0
2020-01-25,0,0,0,0
2020-01-26,0,0,0,0
2020-01-27,0,0,0,0
2020-01-28,0,0,0,0
2020-01-29,0,0,0,0
2020-01-30,0,0,0,0
2020-01-31,0,0,0,0
2020-02-01,0,0,0,0
2020-02-02,0,0,0,0
2020-02-03,0,0,0,0
2020-02-04,0,0,0,0
2020-02-05,0,0,0,0
2020-02-06,0,0,0,0
2020-02-07,0,0,0,0
2020-02-08,0,0,0,0
2020-02-09,0,0,0,0
2020-02-10,0,0,0,0
2020-02-11,0,0,0,0
2020-02-12,0,0,0,0
2020-02-13,0,0,0,0
2020-02-14,0,0,0,0
2020-02-15,0,0,0,0
2020-02-16,0,0,0,0
2020-02-17,0,0,0,0
2020-02-18,0,0,0,0
2020-02-19,0,0,0,0
2020-02-20,0,0,0,0
2020-02-21,0,0,0,0
2020-02-22,0,0,0,0
2020-02-23,0,0,0,0
2020-02-24,0,0,0,0
2020-02-25,0,0,0,0
2020-02-26,0,0,0,0
2020-02-27,0,0,0,0
2020-02-28,0,0,0,0
2020-02-29,0,0,0,0
2020-03-01,0,0,0,0
2020-03-02,0,0,0,0
2020-03-03,0,0,0,0
2020-03-04,0,0,0,0
2020-03-05,0,0,0,0
2020-03-06,0,0,0,0
2020-03-07,1,0,1,0
2020-03-08,1,0,0,0
2020-03-09,1,0,0,0
2020-03-10,2,0,1,0
2020-03-11,2,0,0,0
2020-03-12,3,0,1,0
2020-03-13,3,0,0,0
2020-03-14,4,0,1,0
2020-03-15,4,0,0,0
2020-03-16,10,0,6,0
2020-03-17,17,0,7,0
2020-03-18,17,0,0,0
2020-03-19,44,1,27,1
2020-03-20,49,1,5,0
2020-03-21,53,1,4,0
2020-03-22,67,2,14,1
2020-03-23,81,2,14,0
2020-03-24,106,3,25,1
2020-03-25,164,5,58,2
2020-03-26,248,7,84,2
2020-03-27,322,8,74,1
2020-03-28,377,15,55,7
2020-03-29,429,16,52,1
2020-03-30,481,16,52,0
2020-03-31,566,23,85,7
2020-04-01,719,29,153,6
2020-04-02,879,34,160,5
2020-04-03,988,38,109,4
2020-04-04,1159,42,171,4
2020-04-05,1252,46,93,4
2020-04-06,1327,51,75,5
2020-04-07,1472,67,145,16
2020-04-08,1524,79,52,12
2020-04-09,1684,80,160,1
2020-04-10,1794,88,110,8
2020-04-11,1868,94,74,6
2020-04-12,1970,96,102,2
2020-04-13,2069,99,99,3
2020-04-14,2184,108,115,9
2020-04-15,2263,123,79,15
2020-04-16,2357,131,94,8
2020-04-17,2357,131,0,0
2020-04-18,2357,131,0,0
2020-04-19,2567,140,210,9
2020-04-20,2680,143,113,3
2020-04-21,2807,164,127,21
2020-04-22,2894,170,87,6
2020-04-23,3017,179,123,9
2020-04-24,3121,188,104,9
2020-04-25,3194,194,73,6
2020-04-26,3254,195,60,1
2020-04-27,3281,197,27,2
2020-04-28,3410,207,129,10
2020-04-29,3473,214,63,7
2020-04-30,3618,222,145,8
2020-05-01,3748,230,130,8
2020-05-02,3851,238,103,8
2020-05-03,3972,238,121,0
2020-05-04,4044,238,72,0
2020-05-05,4127,247,83,9
2020-05-06,4202,253,75,6
2020-05-07,4330,260,128,7
2020-05-08,4424,266,94,6
2020-05-09,4490,270,66,4
2020-05-10,4589,272,99,2
2020-05-11,4613,274,24,2
2020-05-12,4731,278,118,4
2020-05-13,4857,278,126,0
2020-05-14,4962,284,105,6
2020-05-15,5086,285,124,1
2020-05-16,5237,288,151,3
2020-05-17,5310,288,73,0
2020-05-18,5398,288,88,0
2020-05-19,5489,293,91,5
2020-05-20,5532,299,43,6
2020-05-21,5680,304,148,5
2020-05-22,5849,307,169,3
2020-05-23,5960,311,111,4
2020-05-24,6037,311,77,0
2020-05-25,6090,313,53,2
2020-05-26,6138,318,48,5
2020-05-27,6229,322,91,4
2020-05-28,6273,325,44,3
2020-05-29,6338,329,65,4
2020-05-30,6418,334,80,5
2020-05-31,6418,334,0,0
2020-06-01,6530,334,112,0
2020-06-02,6692,339,162,5
2020-06-03,6805,341,113,2
2020-06-04,6907,344,102,3
2020-06-05,7007,345,100,1
2020-06-06,7059,347,52,2
2020-06-07,7150,348,91,1
