"date","positive","death","positiveIncrease","deathIncrease"
2020-01-22,0,0,0,0
2020-01-23,0,0,0,0
2020-01-24,0,0,0,0
2020-01-25,0,0,0,0
2020-01-26,0,0,0,0
2020-01-27,0,0,0,0
2020-01-28,0,0,0,0
2020-01-29,0,0,0,0
2020-01-30,0,0,0,0
2020-01-31,0,0,0,0
2020-02-01,0,0,0,0
2020-02-02,0,0,0,0
2020-02-03,0,0,0,0
2020-02-04,0,0,0,0
2020-02-05,0,0,0,0
2020-02-06,0,0,0,0
2020-02-07,0,0,0,0
2020-02-08,0,0,0,0
2020-02-09,0,0,0,0
2020-02-10,0,0,0,0
2020-02-11,0,0,0,0
2020-02-12,0,0,0,0
2020-02-13,0,0,0,0
2020-02-14,0,0,0,0
2020-02-15,0,0,0,0
2020-02-16,0,0,0,0
2020-02-17,0,0,0,0
2020-02-18,0,0,0,0
2020-02-19,0,0,0,0
2020-02-20,0,0,0,0
2020-02-21,0,0,0,0
2020-02-22,0,0,0,0
2020-02-23,0,0,0,0
2020-02-24,0,0,0,0
2020-02-25,0,0,0,0
2020-02-26,0,0,0,0
2020-02-27,0,0,0,0
2020-02-28,0,0,0,0
2020-02-29,1,0,1,0
2020-03-01,1,0,0,0
2020-03-02,3,0,2,0
2020-03-03,3,0,0,0
2020-03-04,3,0,0,0
2020-03-05,3,0,0,0
2020-03-06,3,0,0,0
2020-03-07,6,0,3,0
2020-03-08,14,0,8,0
2020-03-09,14,0,0,0
2020-03-10,14,0,0,0
2020-03-11,19,0,5,0
2020-03-12,24,0,5,0
2020-03-13,30,0,6,0
2020-03-14,36,0,6,0
2020-03-15,36,1,0,1
2020-03-16,39,1,3,0
2020-03-17,66,1,27,0
2020-03-18,75,3,9,2
2020-03-19,88,3,13,0
2020-03-20,114,3,26,0
2020-03-21,137,4,23,1
2020-03-22,161,5,24,1
2020-03-23,191,5,30,0
2020-03-24,210,8,19,3
2020-03-25,266,10,56,2
2020-03-26,316,11,50,1
2020-03-27,416,12,100,1
2020-03-28,479,13,63,1
2020-03-29,548,13,69,0
2020-03-30,606,16,58,3
2020-03-31,690,18,84,2
2020-04-01,736,19,46,1
2020-04-02,826,21,90,2
2020-04-03,899,22,73,1
2020-04-04,899,22,0,0
2020-04-05,1068,27,169,5
2020-04-06,1068,27,0,0
2020-04-07,1132,29,64,2
2020-04-08,1181,33,49,4
2020-04-09,1321,43,140,10
2020-04-10,1322,43,1,0
2020-04-11,1371,48,49,5
2020-04-12,1526,52,155,4
2020-04-13,1584,53,58,1
2020-04-14,1633,55,49,2
2020-04-15,1663,58,30,3
2020-04-16,1736,64,73,6
2020-04-17,1785,70,49,6
2020-04-18,1844,72,59,2
2020-04-19,1910,74,66,2
2020-04-20,1957,75,47,1
2020-04-21,2004,78,47,3
2020-04-22,2059,78,55,0
2020-04-23,2127,83,68,5
2020-04-24,2177,86,50,3
2020-04-25,2253,87,76,1
2020-04-26,2311,92,58,5
2020-04-27,2354,92,43,0
2020-04-28,2385,99,31,7
2020-04-29,2446,101,61,2
2020-04-30,2510,103,64,2
2020-05-01,2579,104,69,1
2020-05-02,2635,109,56,5
2020-05-03,2680,109,45,0
2020-05-04,2759,109,79,0
2020-05-05,2839,113,80,4
2020-05-06,2916,115,77,2
2020-05-07,2989,121,73,6
2020-05-08,3068,124,79,3
2020-05-09,3160,127,92,3
2020-05-10,3228,127,68,0
2020-05-11,3286,130,58,3
2020-05-12,3358,130,72,0
2020-05-13,3416,134,58,4
2020-05-14,3479,137,63,3
2020-05-15,3541,137,62,0
2020-05-16,3612,137,71,0
2020-05-17,3623,137,11,0
2020-05-18,3687,138,64,1
2020-05-19,3726,140,39,2
2020-05-20,3801,144,75,4
2020-05-21,3817,145,16,1
2020-05-22,3864,147,47,2
2020-05-23,3888,147,24,0
2020-05-24,3927,148,39,1
2020-05-25,3949,148,22,0
2020-05-26,3967,148,18,0
2020-05-27,4038,148,71,0
2020-05-28,4086,151,48,3
2020-05-29,4131,151,45,0
2020-05-30,4185,153,54,2
2020-05-31,4243,153,58,0
2020-06-01,4302,154,59,1
2020-06-02,4335,157,33,3
2020-06-03,4399,159,64,2
2020-06-04,4474,159,75,0
2020-06-05,4570,161,96,2
2020-06-06,4570,161,0,0
2020-06-07,4662,163,92,2
2020-06-08,4922,164,260,1
2020-06-09,4988,169,66,5
2020-06-10,5060,169,72,0
2020-06-11,5237,171,177,2
2020-06-12,5377,173,140,2
2020-06-13,5377,173,0,0
2020-06-14,5636,176,259,3
2020-06-15,5820,180,184,4
2020-06-16,6098,182,278,2
2020-06-17,6218,183,120,1
2020-06-18,6366,187,148,4
2020-06-19,6572,188,206,1
2020-06-20,6750,189,178,1
2020-06-21,6937,190,187,1
2020-06-22,7083,192,146,2
2020-06-23,7274,192,191,0
2020-06-24,7444,195,170,3
2020-06-25,7568,197,124,2
2020-06-26,7818,202,250,5
2020-06-27,8094,202,276,0
2020-06-28,8341,202,247,0
2020-06-29,8485,204,144,2
2020-06-30,8656,207,171,3
2020-07-01,8931,208,275,1
2020-07-02,9294,209,363,1
2020-07-03,9636,209,342,0
2020-07-04,9930,213,294,4
2020-07-05,10230,215,300,2
2020-07-06,10395,215,165,0
2020-07-07,10605,220,210,5
2020-07-08,10817,224,212,4
2020-07-09,11188,230,371,6
2020-07-10,11454,232,266,2
2020-07-11,11851,232,397,0
2020-07-12,12170,234,319,2
2020-07-13,12438,237,268,3
2020-07-14,12805,244,367,7
2020-07-15,13081,247,276,3
2020-07-16,13509,249,428,2
2020-07-17,13802,254,293,5
2020-07-18,14149,257,347,3
2020-07-19,14579,260,430,3
2020-07-20,14847,262,268,2
2020-07-21,15139,269,292,7
2020-07-22,15393,271,254,2
2020-07-23,15713,273,320,2
2020-07-24,16104,282,391,9
2020-07-25,16492,285,388,3
2020-07-26,16758,289,266,4
2020-07-27,17088,289,330,0
2020-07-28,17408,303,320,14
2020-07-29,17721,311,313,8
2020-07-30,18131,316,410,5
2020-07-31,18492,322,361,6
2020-08-01,18817,325,325,3
2020-08-02,19097,326,280,1
2020-08-03,19366,328,269,2
2020-08-04,19699,333,333,5
2020-08-05,19978,338,279,5
2020-08-06,20224,339,246,1
2020-08-07,20635,348,411,9
2020-08-08,21010,355,375,7
2020-08-09,21272,356,262,1
2020-08-10,21488,357,216,1
2020-08-11,21774,368,286,11
2020-08-12,22022,375,248,7
2020-08-13,22300,383,278,8
2020-08-14,22613,385,313,2
2020-08-15,23018,386,405,1
2020-08-16,23262,388,244,2
2020-08-17,23451,388,189,0
2020-08-18,23676,397,225,9
2020-08-19,23870,408,194,11
2020-08-20,24165,412,295,4
2020-08-21,24421,414,256,2
2020-08-22,24710,417,289,3
2020-08-23,24937,417,227,0
2020-08-24,25155,420,218,3
2020-08-25,25391,428,236,8
2020-08-26,25571,433,180,5
2020-08-27,25761,438,190,5
2020-08-28,26054,447,293,9
2020-08-29,26293,454,239,7
2020-08-30,26554,458,261,4
2020-08-31,26713,459,159,1
2020-09-01,26946,464,233,5
2020-09-02,27075,468,129,4
2020-09-03,27336,470,261,2
2020-09-04,27601,475,265,5
2020-09-05,27856,480,255,5
2020-09-06,28044,481,188,1
2020-09-07,28190,482,146,1
2020-09-08,28356,486,166,4
2020-09-09,28471,494,115,8
2020-09-10,28654,497,183,3
2020-09-11,28865,499,211,2
2020-09-12,29156,505,291,6
2020-09-13,29337,509,181,4
