"date","positive","death","positiveIncrease","deathIncrease"
2020-01-22,1,0,1,0
2020-01-23,1,0,0,0
2020-01-24,1,0,0,0
2020-01-25,1,0,0,0
2020-01-26,1,0,0,0
2020-01-27,1,0,0,0
2020-01-28,1,0,0,0
2020-01-29,1,0,0,0
2020-01-30,1,0,0,0
2020-01-31,1,0,0,0
2020-02-01,1,0,0,0
2020-02-02,1,0,0,0
2020-02-03,1,0,0,0
2020-02-04,1,0,0,0
2020-02-05,1,0,0,0
2020-02-06,1,0,0,0
2020-02-07,1,0,0,0
2020-02-08,1,0,0,0
2020-02-09,1,0,0,0
2020-02-10,1,0,0,0
2020-02-11,1,0,0,0
2020-02-12,1,0,0,0
2020-02-13,1,0,0,0
2020-02-14,1,0,0,0
2020-02-15,1,0,0,0
2020-02-16,1,0,0,0
2020-02-17,1,0,0,0
2020-02-18,1,0,0,0
2020-02-19,1,0,0,0
2020-02-20,1,0,0,0
2020-02-21,1,0,0,0
2020-02-22,1,0,0,0
2020-02-23,1,0,0,0
2020-02-24,1,0,0,0
2020-02-25,1,0,0,0
2020-02-26,1,0,0,0
2020-02-27,1,0,0,0
2020-02-28,1,0,0,0
2020-02-29,7,1,6,1
2020-03-01,11,1,4,0
2020-03-02,18,6,7,5
2020-03-03,27,7,9,1
2020-03-04,39,10,12,3
2020-03-05,70,11,31,1
2020-03-06,78,13,8,2
2020-03-07,102,16,24,3
2020-03-08,122,18,20,2
2020-03-09,122,19,0,1
2020-03-10,162,23,40,4
2020-03-11,282,24,120,1
2020-03-12,406,31,124,7
2020-03-13,503,37,97,6
2020-03-14,603,39,100,2
2020-03-15,603,40,0,1
2020-03-16,779,48,176,8
2020-03-17,955,55,176,7
2020-03-18,1022,67,67,12
2020-03-19,1223,73,201,6
2020-03-20,1394,83,171,10
2020-03-21,1647,94,253,11
2020-03-22,1833,97,186,3
2020-03-23,2076,109,243,12
2020-03-24,2216,116,140,7
2020-03-25,2540,133,324,17
2020-03-26,3138,150,598,17
2020-03-27,3410,157,272,7
2020-03-28,4030,188,620,31
2020-03-29,4340,198,310,10
2020-03-30,4649,205,309,7
2020-03-31,5158,225,509,20
2020-04-01,5305,234,147,9
2020-04-02,6045,271,740,37
2020-04-03,6345,291,300,20
2020-04-04,6764,315,419,24
2020-04-05,7292,336,528,21
2020-04-06,7663,381,371,45
2020-04-07,8015,400,352,19
2020-04-08,8361,426,346,26
2020-04-09,8801,456,440,30
2020-04-10,9211,483,410,27
2020-04-11,9586,495,375,12
2020-04-12,9877,506,291,11
2020-04-13,10016,513,139,7
2020-04-14,10315,530,299,17
2020-04-15,10559,552,244,22
2020-04-16,10785,579,226,27
2020-04-17,11183,603,398,24
2020-04-18,11332,613,149,10
2020-04-19,11819,636,487,23
2020-04-20,11955,643,136,7
2020-04-21,12233,664,278,21
2020-04-22,12437,686,204,22
2020-04-23,12619,711,182,25
2020-04-24,12877,722,258,11
2020-04-25,13182,737,305,15
2020-04-26,13398,749,216,12
2020-04-27,13583,764,185,15
2020-04-28,13763,786,180,22
2020-04-29,13994,801,231,15
2020-04-30,14267,814,273,13
2020-05-01,14560,824,293,10
2020-05-02,14903,830,343,6
2020-05-03,15122,834,219,4
2020-05-04,15410,841,288,7
2020-05-05,15557,862,147,21
2020-05-06,15844,870,287,8
2020-05-07,16178,891,334,21
2020-05-08,16319,905,141,14
2020-05-09,16618,921,299,16
2020-05-10,16851,931,233,10
2020-05-11,17084,945,233,14
2020-05-12,17273,962,189,17
2020-05-13,17439,974,166,12
2020-05-14,17663,983,224,9
2020-05-15,17826,991,163,8
2020-05-16,18176,999,350,8
2020-05-17,18332,1001,156,2
2020-05-18,18557,1002,225,1
2020-05-19,18759,1031,202,29
2020-05-20,18923,1037,164,6
2020-05-21,19051,1044,128,7
2020-05-22,19206,1050,155,6
2020-05-23,19206,1050,0,0
2020-05-24,19756,1061,550,11
2020-05-25,20003,1070,247,9
2020-05-26,20133,1078,130,8
2020-05-27,20355,1095,222,17
2020-05-28,20711,1106,356,11
2020-05-29,21013,1111,302,5
2020-05-30,21288,1118,275,7
2020-05-31,21634,1118,346,0
2020-06-01,21902,1123,268,5
2020-06-02,22130,1129,228,6
2020-06-03,22456,1135,326,6
2020-06-04,22692,1138,236,3
2020-06-05,22974,1149,282,11
2020-06-06,23417,1153,443,4
2020-06-07,23697,1157,280,4
2020-06-08,24012,1161,315,4
2020-06-09,24329,1176,317,15
2020-06-10,24329,1176,0,0
2020-06-11,24759,1194,430,18
2020-06-12,25137,1204,378,10
2020-06-13,25505,1213,368,9
2020-06-14,25786,1217,281,4
2020-06-15,26067,1220,281,3
2020-06-16,26484,1231,417,11
2020-06-17,26759,1226,275,-5
2020-06-18,27145,1245,386,19
2020-06-19,27576,1255,431,10
2020-06-20,28163,1265,587,10
2020-06-21,28650,1270,487,5
2020-06-22,28834,1276,184,6
2020-06-23,29350,1284,516,8
2020-06-24,29826,1293,476,9
2020-06-25,30318,1300,492,7
2020-06-26,30806,1304,488,4
2020-06-27,31351,1310,545,6
2020-06-28,31701,1310,350,0
2020-06-29,32144,1320,443,10
2020-06-30,32746,1332,602,12
2020-07-01,33264,1339,518,7
2020-07-02,34063,1342,799,3
2020-07-03,34661,1352,598,10
2020-07-04,35162,1354,501,2
2020-07-05,35758,1359,596,5
2020-07-06,36799,1369,1041,10
2020-07-07,37304,1384,505,15
2020-07-08,37804,1394,500,10
2020-07-09,38436,1409,632,15
2020-07-10,39099,1424,663,15
2020-07-11,39099,1424,0,0
2020-07-12,40519,1437,1420,13
2020-07-13,41586,1398,1067,-39
2020-07-14,42161,1403,575,5
2020-07-15,42919,1420,758,17
2020-07-16,44113,1427,1194,7
2020-07-17,44982,1433,869,6
2020-07-18,45943,1444,961,11
2020-07-19,46831,1447,888,3
2020-07-20,47629,1453,798,6
2020-07-21,48396,1464,767,11
2020-07-22,49101,1467,705,3
2020-07-23,49841,1481,740,14
2020-07-24,50682,1495,841,14
2020-07-25,51686,1494,1004,-1
2020-07-26,52465,1501,779,7
2020-07-27,53148,1518,683,17
2020-07-28,54053,1548,905,30
2020-07-29,54834,1555,781,7
2020-07-30,55617,1564,783,9
2020-07-31,55617,1564,0,0
2020-08-01,57323,1590,1706,26
2020-08-02,58014,1594,691,4
2020-08-03,58527,1599,513,5
2020-08-04,59212,1616,685,17
2020-08-05,59894,1621,682,5
2020-08-06,60723,1649,829,28
2020-08-07,61419,1669,696,20
2020-08-08,62331,1686,912,17
2020-08-09,62864,1686,533,0
2020-08-10,63445,1695,581,9
2020-08-11,63942,1714,497,19
2020-08-12,64498,1722,556,8
2020-08-13,65129,1734,631,12
2020-08-14,65922,1753,793,19
2020-08-15,66635,1762,713,9
2020-08-16,67208,1776,573,14
2020-08-17,67497,1781,289,5
2020-08-18,68040,1805,543,24
2020-08-19,68475,1819,435,14
2020-08-20,69166,1832,691,13
2020-08-21,69537,1846,371,14
2020-08-22,70338,1853,801,7
2020-08-23,70761,1859,423,6
2020-08-24,71125,1863,364,4
2020-08-25,71456,1872,331,9
2020-08-26,71904,1876,448,4
2020-08-27,72448,1885,544,9
2020-08-28,73049,1901,601,16
2020-08-29,73612,1901,563,0
2020-08-30,74039,1901,427,0
2020-08-31,74367,1911,328,10
2020-09-01,74666,1926,299,15
2020-09-02,75092,1931,426,5
2020-09-03,75569,1939,477,8
2020-09-04,76045,1948,476,9
2020-09-05,76541,1949,496,1
2020-09-06,76922,1949,381,0
