"date","positive","death","positiveIncrease","deathIncrease"
"2020-01-22",0,0,0,0
"2020-01-23",0,0,0,0
"2020-01-24",0,0,0,0
"2020-01-25",0,0,0,0
"2020-01-26",0,0,0,0
"2020-01-27",0,0,0,0
"2020-01-28",0,0,0,0
"2020-01-29",0,0,0,0
"2020-01-30",0,0,0,0
"2020-01-31",0,0,0,0
"2020-02-01",0,0,0,0
"2020-02-02",0,0,0,0
"2020-02-03",0,0,0,0
"2020-02-04",0,0,0,0
"2020-02-05",0,0,0,0
"2020-02-06",0,0,0,0
"2020-02-07",0,0,0,0
"2020-02-08",0,0,0,0
"2020-02-09",0,0,0,0
"2020-02-10",0,0,0,0
"2020-02-11",0,0,0,0
"2020-02-12",0,0,0,0
"2020-02-13",0,0,0,0
"2020-02-14",0,0,0,0
"2020-02-15",0,0,0,0
"2020-02-16",0,0,0,0
"2020-02-17",0,0,0,0
"2020-02-18",0,0,0,0
"2020-02-19",0,0,0,0
"2020-02-20",0,0,0,0
"2020-02-21",0,0,0,0
"2020-02-22",0,0,0,0
"2020-02-23",0,0,0,0
"2020-02-24",0,0,0,0
"2020-02-25",0,0,0,0
"2020-02-26",0,0,0,0
"2020-02-27",0,0,0,0
"2020-02-28",0,0,0,0
"2020-02-29",0,0,0,0
"2020-03-01",0,0,0,0
"2020-03-02",0,0,0,0
"2020-03-03",0,0,0,0
"2020-03-04",0,0,0,0
"2020-03-05",0,0,0,0
"2020-03-06",0,0,0,0
"2020-03-07",0,0,0,0
"2020-03-08",0,0,0,0
"2020-03-09",0,0,0,0
"2020-03-10",0,0,0,0
"2020-03-11",0,0,0,0
"2020-03-12",0,0,0,0
"2020-03-13",0,0,0,0
"2020-03-14",2,0,2,0
"2020-03-15",4,0,2,0
"2020-03-16",4,0,0,0
"2020-03-17",8,0,4,0
"2020-03-18",9,0,1,0
"2020-03-19",23,0,14,0
"2020-03-20",36,0,13,0
"2020-03-21",42,0,6,0
"2020-03-22",42,0,0,0
"2020-03-23",68,0,26,0
"2020-03-24",81,0,13,0
"2020-03-25",91,0,10,0
"2020-03-26",146,3,55,3
"2020-03-27",205,3,59,0
"2020-03-28",234,4,29,1
"2020-03-29",281,5,47,1
"2020-03-30",340,6,59,1
"2020-03-31",515,8,175,2
"2020-04-01",566,9,51,1
"2020-04-02",767,9,201,0
"2020-04-03",891,9,124,0
"2020-04-04",1022,10,131,1
"2020-04-05",1078,10,56,0
"2020-04-06",1101,10,23,0
"2020-04-07",1170,13,69,3
"2020-04-08",1210,15,40,2
"2020-04-09",1232,18,22,3
"2020-04-10",1354,24,122,6
"2020-04-11",1396,25,42,1
"2020-04-12",1407,27,11,2
"2020-04-13",1426,27,19,0
"2020-04-14",1464,33,38,6
"2020-04-15",1473,39,9,6
"2020-04-16",1587,41,114,2
"2020-04-17",1609,41,22,0
"2020-04-18",1655,43,46,2
"2020-04-19",1668,44,13,1
"2020-04-20",1672,45,4,1
"2020-04-21",1736,48,64,3
"2020-04-22",1766,51,30,3
"2020-04-23",1836,54,70,3
"2020-04-24",1870,54,34,0
"2020-04-25",1887,56,17,2
"2020-04-26",1897,56,10,0
"2020-04-27",1897,56,0,0
"2020-04-28",1952,60,55,4
"2020-04-29",1952,60,0,0
"2020-04-30",1984,60,32,0
"2020-05-01",2015,63,31,3
"2020-05-02",2061,64,46,1
"2020-05-03",2061,64,0,0
"2020-05-04",2106,64,45,0
"2020-05-05",2127,65,21,1
"2020-05-06",2158,66,31,1
"2020-05-07",2178,67,20,1
"2020-05-08",2178,67,0,0
"2020-05-09",2205,67,27,0
"2020-05-10",2230,67,25,0
"2020-05-11",2260,70,30,3
"2020-05-12",2293,69,33,-1
"2020-05-13",2293,69,0,0
"2020-05-14",2351,72,58,3
"2020-05-15",2351,72,0,0
"2020-05-16",2419,73,68,1
"2020-05-17",2419,73,0,0
"2020-05-18",2455,74,36,1
"2020-05-19",2455,74,0,0
"2020-05-20",2506,77,51,3
"2020-05-21",2506,77,0,0
"2020-05-22",2595,79,89,2
"2020-05-23",2595,79,0,0
"2020-05-24",2626,79,31,0
"2020-05-25",2626,79,0,0
"2020-05-26",2626,79,0,0
"2020-05-27",2698,81,72,2
"2020-05-28",2769,82,71,1
"2020-05-29",2769,82,0,0
"2020-05-30",2803,82,34,0
"2020-05-31",2839,82,36,0
