"date","positive","death","positiveIncrease","deathIncrease"
2020-01-22,0,0,0,0
2020-01-23,0,0,0,0
2020-01-24,0,0,0,0
2020-01-25,0,0,0,0
2020-01-26,0,0,0,0
2020-01-27,0,0,0,0
2020-01-28,0,0,0,0
2020-01-29,0,0,0,0
2020-01-30,0,0,0,0
2020-01-31,0,0,0,0
2020-02-01,0,0,0,0
2020-02-02,0,0,0,0
2020-02-03,0,0,0,0
2020-02-04,0,0,0,0
2020-02-05,0,0,0,0
2020-02-06,0,0,0,0
2020-02-07,0,0,0,0
2020-02-08,0,0,0,0
2020-02-09,0,0,0,0
2020-02-10,0,0,0,0
2020-02-11,0,0,0,0
2020-02-12,0,0,0,0
2020-02-13,0,0,0,0
2020-02-14,0,0,0,0
2020-02-15,0,0,0,0
2020-02-16,0,0,0,0
2020-02-17,0,0,0,0
2020-02-18,0,0,0,0
2020-02-19,0,0,0,0
2020-02-20,0,0,0,0
2020-02-21,0,0,0,0
2020-02-22,0,0,0,0
2020-02-23,0,0,0,0
2020-02-24,0,0,0,0
2020-02-25,0,0,0,0
2020-02-26,0,0,0,0
2020-02-27,0,0,0,0
2020-02-28,0,0,0,0
2020-02-29,0,0,0,0
2020-03-01,0,0,0,0
2020-03-02,0,0,0,0
2020-03-03,0,0,0,0
2020-03-04,0,0,0,0
2020-03-05,0,0,0,0
2020-03-06,0,0,0,0
2020-03-07,0,0,0,0
2020-03-08,0,0,0,0
2020-03-09,0,0,0,0
2020-03-10,0,0,0,0
2020-03-11,2,0,2,0
2020-03-12,3,1,1,1
2020-03-13,24,1,21,0
2020-03-14,36,1,12,0
2020-03-15,45,1,9,0
2020-03-16,76,1,31,0
2020-03-17,90,1,14,0
2020-03-18,159,2,69,1
2020-03-19,314,2,155,0
2020-03-20,471,3,157,1
2020-03-21,625,6,154,3
2020-03-22,1131,12,506,6
2020-03-23,1450,18,319,6
2020-03-24,1936,31,486,13
2020-03-25,2461,51,525,20
2020-03-26,3025,71,564,20
2020-03-27,3840,107,815,36
2020-03-28,4875,130,1035,23
2020-03-29,5735,157,860,27
2020-03-30,6786,213,1051,56
2020-03-31,7931,292,1145,79
2020-04-01,9675,369,1744,77
2020-04-02,11182,452,1507,83
2020-04-03,13147,517,1965,65
2020-04-04,14652,584,1505,67
2020-04-05,16185,674,1533,90
2020-04-06,17729,792,1544,118
2020-04-07,19526,916,1797,124
2020-04-08,20950,1036,1424,120
2020-04-09,22166,1163,1216,127
2020-04-10,23142,1370,976,207
2020-04-11,24360,1486,1218,116
2020-04-12,25039,1591,679,105
2020-04-13,26083,1715,1044,124
2020-04-14,27433,1888,1350,173
2020-04-15,28470,2042,1037,154
2020-04-16,29292,2122,822,80
2020-04-17,30596,2358,1304,236
2020-04-18,31362,2441,766,83
2020-04-19,32005,2532,643,91
2020-04-20,32639,2616,634,84
2020-04-21,33307,2724,668,108
2020-04-22,34655,2961,1348,237
2020-04-23,35981,3129,1326,168
2020-04-24,37250,3238,1269,109
2020-04-25,37670,3307,420,69
2020-04-26,38401,3471,731,164
2020-04-27,38885,3559,484,88
2020-04-28,39982,3726,1097,167
2020-04-29,40990,3827,1008,101
2020-04-30,41905,3946,915,119
2020-05-01,42866,4025,961,79
2020-05-02,43490,4180,624,155
2020-05-03,44090,4214,600,34
2020-05-04,44361,4298,271,84
2020-05-05,44854,4341,493,43
2020-05-06,45634,4415,780,74
2020-05-07,46206,4503,572,88
2020-05-08,46930,4561,724,58
2020-05-09,47409,4704,479,143
2020-05-10,47815,4729,406,25
2020-05-11,48322,4755,507,26
2020-05-12,48861,4846,539,91
2020-05-13,49391,4886,530,40
2020-05-14,50702,4960,1311,74
2020-05-15,51285,4999,583,39
2020-05-16,51789,5055,504,56
2020-05-17,52134,5064,345,9
2020-05-18,52538,5088,404,24
2020-05-19,53112,5187,574,99
2020-05-20,53881,5233,769,46
2020-05-21,54461,5302,580,69
2020-05-22,54992,5331,531,29
2020-05-23,55464,5394,472,63
2020-05-24,55794,5398,330,4
2020-05-25,56018,5411,224,13
2020-05-26,56363,5438,345,27
2020-05-27,56738,5506,375,68
2020-05-28,57196,5543,458,37
2020-05-29,57806,5576,610,33
2020-05-30,58025,5631,219,55
2020-05-31,58486,5658,461,27
2020-06-01,58703,5685,217,27
2020-06-02,58982,5721,279,36
2020-06-03,59389,5739,407,18
2020-06-04,59706,5765,317,26
2020-06-05,60525,5837,819,72
2020-06-06,60616,5844,91,7
2020-06-07,60671,5855,55,11
2020-06-08,60793,5870,122,15
2020-06-09,60856,5879,63,9
2020-06-10,60871,5880,15,1
2020-06-11,61114,5910,243,30
2020-06-12,61319,5915,205,5
2020-06-13,61500,5940,181,25
2020-06-14,61713,5943,213,3
2020-06-15,61827,5945,114,2
2020-06-16,62010,5961,183,16
2020-06-17,62222,5963,212,2
2020-06-18,62517,5988,295,25
2020-06-19,62810,5994,293,6
2020-06-20,63241,6014,431,20
2020-06-21,63407,6017,166,3
2020-06-22,63645,6024,238,7
2020-06-23,63866,6036,221,12
2020-06-24,64222,6041,356,5
2020-06-25,64642,6060,420,19
2020-06-26,64969,6061,327,1
2020-06-27,65307,6080,338,19
2020-06-28,65565,6084,258,4
2020-06-29,65837,6088,272,4
2020-06-30,66334,6120,497,32
2020-07-01,66758,6125,424,5
2020-07-02,67335,6139,577,14
2020-07-03,67810,6142,475,3
2020-07-04,68204,6145,394,3
2020-07-05,68547,6145,343,0
2020-07-06,68863,6148,316,3
2020-07-07,69469,6178,606,30
2020-07-08,70113,6189,644,11
2020-07-09,70722,6198,609,9
2020-07-10,71347,6212,625,14
2020-07-11,72014,6240,667,28
2020-07-12,72409,6241,395,1
2020-07-13,72821,6248,412,7
2020-07-14,73510,6253,689,5
2020-07-15,74555,6257,1045,4
2020-07-16,75449,6275,894,18
2020-07-17,76227,6282,778,7
2020-07-18,76942,6291,715,9
2020-07-19,77452,6293,510,2
2020-07-20,77965,6300,513,7
2020-07-21,78660,6309,695,9
2020-07-22,79371,6315,711,6
2020-07-23,80069,6322,698,7
2020-07-24,80691,6327,622,5
2020-07-25,81205,6327,514,0
2020-07-26,82272,6327,1067,0
2020-07-27,82764,6332,492,5
2020-07-28,83487,6348,723,16
2020-07-29,84459,6349,972,1
2020-07-30,85362,6369,903,20
2020-07-31,86175,6376,813,7
2020-08-01,86908,6383,733,7
2020-08-02,87324,6383,416,0
2020-08-03,87916,6393,592,10
2020-08-04,88628,6397,712,4
2020-08-05,89295,6403,667,6
2020-08-06,90063,6431,768,28
2020-08-07,90811,6449,748,18
2020-08-08,91532,6445,721,-4
2020-08-09,92036,6444,504,-1
2020-08-10,92610,6451,574,7
2020-08-11,93335,6458,725,7
2020-08-12,93795,6464,460,6
2020-08-13,94944,6480,1149,16
2020-08-14,95809,6491,865,11
2020-08-15,96745,6511,936,20
2020-08-16,97043,6517,298,6
2020-08-17,97527,6517,484,0
2020-08-18,98178,6533,651,16
2020-08-19,98895,6543,717,10
2020-08-20,99425,6560,530,17
2020-08-21,99425,6560,0,0
2020-08-22,100850,6581,1425,21
2020-08-23,101610,6584,760,3
