"date","positive","death","positiveIncrease","deathIncrease"
2020-01-22,0,0,0,0
2020-01-23,0,0,0,0
2020-01-24,0,0,0,0
2020-01-25,0,0,0,0
2020-01-26,0,0,0,0
2020-01-27,0,0,0,0
2020-01-28,0,0,0,0
2020-01-29,0,0,0,0
2020-01-30,0,0,0,0
2020-01-31,0,0,0,0
2020-02-01,0,0,0,0
2020-02-02,0,0,0,0
2020-02-03,0,0,0,0
2020-02-04,0,0,0,0
2020-02-05,0,0,0,0
2020-02-06,0,0,0,0
2020-02-07,0,0,0,0
2020-02-08,0,0,0,0
2020-02-09,0,0,0,0
2020-02-10,0,0,0,0
2020-02-11,0,0,0,0
2020-02-12,0,0,0,0
2020-02-13,0,0,0,0
2020-02-14,0,0,0,0
2020-02-15,0,0,0,0
2020-02-16,0,0,0,0
2020-02-17,0,0,0,0
2020-02-18,0,0,0,0
2020-02-19,0,0,0,0
2020-02-20,0,0,0,0
2020-02-21,0,0,0,0
2020-02-22,0,0,0,0
2020-02-23,0,0,0,0
2020-02-24,0,0,0,0
2020-02-25,0,0,0,0
2020-02-26,0,0,0,0
2020-02-27,0,0,0,0
2020-02-28,0,0,0,0
2020-02-29,0,0,0,0
2020-03-01,0,0,0,0
2020-03-02,0,0,0,0
2020-03-03,1,0,1,0
2020-03-04,1,0,0,0
2020-03-05,1,0,0,0
2020-03-06,2,0,1,0
2020-03-07,2,0,0,0
2020-03-08,2,0,0,0
2020-03-09,2,0,0,0
2020-03-10,7,0,5,0
2020-03-11,7,0,0,0
2020-03-12,15,0,8,0
2020-03-13,17,0,2,0
2020-03-14,25,0,8,0
2020-03-15,32,0,7,0
2020-03-16,39,0,7,0
2020-03-17,64,0,25,0
2020-03-18,92,0,28,0
2020-03-19,136,0,44,0
2020-03-20,189,0,53,0
2020-03-21,256,0,67,0
2020-03-22,305,0,49,0
2020-03-23,353,0,48,0
2020-03-24,495,0,142,0
2020-03-25,590,1,95,1
2020-03-26,738,3,148,2
2020-03-27,887,4,149,1
2020-03-28,1020,5,133,1
2020-03-29,1191,7,171,2
2020-03-30,1313,6,122,-1
2020-03-31,1535,12,222,6
2020-04-01,1675,14,140,2
2020-04-02,1977,21,302,7
2020-04-03,2251,27,274,6
2020-04-04,2486,34,235,7
2020-04-05,2649,38,163,4
2020-04-06,2962,45,313,7
2020-04-07,3299,51,337,6
2020-04-08,3499,66,200,15
2020-04-09,3736,76,237,10
2020-04-10,3965,83,229,7
2020-04-11,4354,89,389,6
2020-04-12,4570,89,216,0
2020-04-13,4886,94,316,5
2020-04-14,5113,112,227,18
2020-04-15,5340,130,227,18
2020-04-16,5639,150,299,20
2020-04-17,6045,177,406,27
2020-04-18,6328,187,283,10
2020-04-19,6598,200,270,13
2020-04-20,6895,218,297,18
2020-04-21,7134,245,239,27
2020-04-22,7495,265,361,20
2020-04-23,7820,281,325,16
2020-04-24,8290,294,470,13
2020-04-25,8767,305,477,11
2020-04-26,8996,324,229,19
2020-04-27,9320,340,324,16
2020-04-28,9755,363,435,23
2020-04-29,10180,382,425,19
2020-04-30,10754,406,574,24
2020-05-01,11070,419,316,13
2020-05-02,11588,431,518,12
2020-05-03,11770,434,182,3
2020-05-04,11971,442,201,8
2020-05-05,12510,472,539,30
2020-05-06,13053,492,543,20
2020-05-07,13540,513,487,21
2020-05-08,14006,530,466,17
2020-05-09,14478,551,472,21
2020-05-10,14938,564,460,13
2020-05-11,15274,575,336,11
2020-05-12,15622,600,348,25
2020-05-13,16352,625,730,25
2020-05-14,16968,641,616,16
2020-05-15,17494,667,526,26
2020-05-16,18130,676,636,9
2020-05-17,18673,686,543,10
2020-05-18,19207,693,534,7
2020-05-19,19239,693,32,0
2020-05-20,20262,726,1023,33
2020-05-21,20512,734,250,8
2020-05-22,22110,775,1598,41
2020-05-23,22864,778,754,3
2020-05-24,23365,784,501,6
2020-05-25,24057,790,692,6
2020-05-26,24455,801,398,11
2020-05-27,24916,844,461,43
2020-05-28,25800,876,884,32
2020-05-29,26885,919,1085,43
2020-05-30,27794,929,909,10
2020-05-31,28785,937,991,8
2020-06-01,29592,948,807,11
2020-06-02,30023,961,431,13
2020-06-03,31276,999,1253,38
2020-06-04,32075,1006,799,7
2020-06-05,33295,1015,1220,9
2020-06-06,34718,1028,1423,13
2020-06-07,35625,1032,907,4
2020-06-08,36517,1041,892,9
2020-06-09,37227,1068,710,27
2020-06-10,38473,1090,1246,22
2020-06-11,39584,1106,1111,16
2020-06-12,41417,1121,1833,15
2020-06-13,42845,1127,1428,6
2020-06-14,44264,1132,1419,5
2020-06-15,45114,1140,850,8
2020-06-16,45907,1169,793,29
2020-06-17,46934,1181,1027,12
2020-06-18,48167,1188,1233,7
2020-06-19,49785,1202,1618,14
2020-06-20,51390,1215,1605,13
2020-06-21,52801,1245,1411,30
2020-06-22,53964,1278,1163,33
2020-06-23,54639,1296,675,18
2020-06-24,56527,1325,1888,29
2020-06-25,57472,1336,945,11
2020-06-26,59158,1348,1686,12
2020-06-27,60812,1353,1654,5
2020-06-28,62248,1352,1436,-1
2020-06-29,63736,1357,1488,5
2020-06-30,65327,1380,1591,23
2020-07-01,66751,1398,1424,18
2020-07-02,68216,1409,1465,11
2020-07-03,70262,1419,2046,10
2020-07-04,71670,1422,1408,3
2020-07-05,72992,1423,1322,1
2020-07-06,74775,1432,1783,9
2020-07-07,76290,1446,1515,14
2020-07-08,77687,1462,1397,16
2020-07-09,79656,1477,1969,15
2020-07-10,82032,1497,2376,20
2020-07-11,83906,1513,1874,16
2020-07-12,85771,1522,1865,9
2020-07-13,87669,1529,1898,7
2020-07-14,90000,1571,2331,42
2020-07-15,91837,1589,1837,18
2020-07-16,93708,1607,1871,18
2020-07-17,95570,1623,1862,16
2020-07-18,98092,1648,2522,25
2020-07-19,99803,1652,1711,4
2020-07-20,101231,1677,1428,25
2020-07-21,103216,1705,1985,28
2020-07-22,105276,1732,2060,27
2020-07-23,107125,1756,1849,24
2020-07-24,109728,1789,2603,33
2020-07-25,111421,1811,1693,22
2020-07-26,112937,1817,1516,6
2020-07-27,114916,1838,1979,21
2020-07-28,116700,1860,1784,22
2020-07-29,118387,1888,1687,28
2020-07-30,120532,1922,2145,34
2020-07-31,122298,1942,1766,20
2020-08-01,124006,1979,1708,37
2020-08-02,125330,1983,1324,4
2020-08-03,127630,2043,2300,60
2020-08-04,128715,2061,1085,18
2020-08-05,129733,2085,1018,24
2020-08-06,131802,2126,2069,41
2020-08-07,133337,2160,1535,34
2020-08-08,134948,2184,1611,24
2020-08-09,136346,2192,1398,8
2020-08-10,137562,2199,1216,7
2020-08-11,138743,2238,1181,39
2020-08-12,139739,2280,996,42
2020-08-13,140824,2287,1085,7
2020-08-14,142170,2313,1346,26
2020-08-15,143704,2343,1534,30
2020-08-16,144952,2347,1248,4
2020-08-17,145516,2348,564,1
2020-08-18,146779,2396,1263,48
2020-08-19,147925,2431,1146,35
2020-08-20,149904,2465,1979,34
2020-08-21,151910,2494,2006,29
2020-08-22,153640,2521,1730,27
2020-08-23,155113,2531,1473,10
2020-08-24,156396,2535,1283,4
2020-08-25,157741,2570,1345,35
2020-08-26,158985,2606,1244,36
2020-08-27,161076,2630,2091,24
2020-08-28,162491,2652,1415,22
2020-08-29,165076,2683,2585,31
2020-08-30,166127,2692,1051,9
2020-08-31,167309,2702,1182,10
2020-09-01,169424,2741,2115,39
2020-09-02,170553,2779,1129,38
2020-09-03,172201,2803,1648,24
2020-09-04,174253,2839,2052,36
2020-09-05,175815,2889,1562,50
2020-09-06,176901,2890,1086,1
