"date","positive","death","positiveIncrease","deathIncrease"
2020-01-22,1,0,1,0
2020-01-23,1,0,0,0
2020-01-24,2,0,1,0
2020-01-25,2,0,0,0
2020-01-26,5,0,3,0
2020-01-27,5,0,0,0
2020-01-28,5,0,0,0
2020-01-29,5,0,0,0
2020-01-30,5,0,0,0
2020-01-31,7,0,2,0
2020-02-01,8,0,1,0
2020-02-02,8,0,0,0
2020-02-03,11,0,3,0
2020-02-04,11,0,0,0
2020-02-05,11,0,0,0
2020-02-06,11,0,0,0
2020-02-07,11,0,0,0
2020-02-08,11,0,0,0
2020-02-09,11,0,0,0
2020-02-10,11,0,0,0
2020-02-11,12,0,1,0
2020-02-12,12,0,0,0
2020-02-13,13,0,1,0
2020-02-14,13,0,0,0
2020-02-15,13,0,0,0
2020-02-16,13,0,0,0
2020-02-17,13,0,0,0
2020-02-18,13,0,0,0
2020-02-19,13,0,0,0
2020-02-20,13,0,0,0
2020-02-21,15,0,2,0
2020-02-22,15,0,0,0
2020-02-23,15,0,0,0
2020-02-24,15,0,0,0
2020-02-25,15,0,0,0
2020-02-26,15,0,0,0
2020-02-27,16,0,1,0
2020-02-28,16,0,0,0
2020-02-29,24,1,8,1
2020-03-01,30,1,6,0
2020-03-02,53,6,23,5
2020-03-03,73,7,20,1
2020-03-04,104,11,31,4
2020-03-05,174,12,70,1
2020-03-06,222,14,48,2
2020-03-07,337,17,115,3
2020-03-08,451,21,114,4
2020-03-09,519,22,68,1
2020-03-10,710,28,191,6
2020-03-11,1108,33,398,5
2020-03-12,1560,43,452,10
2020-03-13,2156,52,596,9
2020-03-14,2869,58,713,6
2020-03-15,2968,70,99,12
2020-03-16,4334,97,1366,27
2020-03-17,6064,132,1730,35
2020-03-18,8842,191,2778,59
2020-03-19,14073,268,5231,77
2020-03-20,19389,367,5316,99
2020-03-21,25731,462,6342,95
2020-03-22,33648,609,7917,147
2020-03-23,43622,796,9974,187
2020-03-24,53862,1038,10240,242
2020-03-25,65793,1354,11931,316
2020-03-26,83800,1776,18007,422
2020-03-27,101946,2337,18146,561
2020-03-28,121630,2991,19684,654
2020-03-29,140750,3625,19120,634
2020-03-30,162235,4459,21485,834
2020-03-31,188189,5712,25954,1253
2020-04-01,213583,6977,25394,1265
2020-04-02,243965,8588,30382,1611
2020-04-03,275933,9924,31968,1336
2020-04-04,309028,11251,33095,1327
2020-04-05,336830,12752,27802,1501
2020-04-06,366432,14491,29602,1739
2020-04-07,397168,16869,30736,2378
2020-04-08,428855,19052,31687,2183
2020-04-09,463607,21202,34752,2150
2020-04-10,497084,23348,33477,2146
2020-04-11,527099,25471,30015,2123
2020-04-12,555644,27325,28545,1854
2020-04-13,580549,29223,24905,1898
2020-04-14,606879,31678,26330,2455
2020-04-15,635884,34284,29005,2606
2020-04-16,667168,36459,31284,2175
2020-04-17,699815,39114,32647,2655
2020-04-18,728069,41556,28254,2442
2020-04-19,753919,42831,25850,1275
2020-04-20,781163,44662,27244,1831
2020-04-21,806696,47164,25533,2502
2020-04-22,834752,49589,28056,2425
2020-04-23,868828,52050,34076,2461
2020-04-24,904967,54203,36139,2153
2020-04-25,937718,55896,32751,1693
2020-04-26,965319,57223,27601,1327
2020-04-27,987810,58680,22491,1457
2020-04-28,1012395,60921,24585,2241
2020-04-29,1039674,63438,27279,2517
2020-04-30,1069128,65761,29454,2323
2020-05-01,1103086,67653,33958,1892
2020-05-02,1131959,69345,28873,1692
2020-05-03,1157514,70466,25555,1121
2020-05-04,1179884,71788,22370,1322
2020-05-05,1204018,74102,24134,2314
2020-05-06,1229185,76461,25167,2359
2020-05-07,1256875,78394,27690,1933
2020-05-08,1283978,80139,27103,1745
2020-05-09,1309634,81626,25656,1487
2020-05-10,1328977,82520,19343,894
2020-05-11,1347712,83529,18735,1009
2020-05-12,1369773,85153,22061,1624
2020-05-13,1390786,86918,21013,1765
2020-05-14,1418337,88701,27551,1783
2020-05-15,1443584,90380,25247,1679
2020-05-16,1468637,91597,25053,1217
2020-05-17,1487276,92354,18639,757
2020-05-18,1508429,93130,21153,776
2020-05-19,1528844,94681,20415,1551
2020-05-20,1552534,96260,23690,1579
2020-05-21,1577755,97492,25221,1232
2020-05-22,1601781,98761,24026,1269
2020-05-23,1623454,99890,21673,1129
2020-05-24,1644127,100502,20673,612
2020-05-25,1663000,101024,18873,522
2020-05-26,1681918,101719,18918,695
2020-05-27,1699904,103234,17986,1515
2020-05-28,1722621,104424,22717,1190
2020-05-29,1746930,105594,24309,1170
2020-05-30,1771070,106568,24140,974
2020-05-31,1790887,107156,19817,588
2020-06-01,1808061,107933,17174,777
2020-06-02,1828866,108977,20805,1044
2020-06-03,1848698,109989,19832,1012
2020-06-04,1869835,111012,21137,1023
2020-06-05,1894803,111963,24968,951
2020-06-06,1917186,112649,22383,686
2020-06-07,1934736,113095,17550,446
2020-06-08,1952090,113608,17354,513
2020-06-09,1970145,114549,18055,941
2020-06-10,1990830,115465,20685,916
2020-06-11,2013528,116349,22698,884
2020-06-12,2038813,117183,25285,834
2020-06-13,2064219,117945,25406,762
2020-06-14,2083770,118253,19551,308
2020-06-15,2103348,118640,19578,387
2020-06-16,2127098,119483,23750,843
2020-06-17,2152543,120233,25445,750
2020-06-18,2180241,120941,27698,708
2020-06-19,2211424,121612,31183,671
2020-06-20,2243737,122225,32313,613
2020-06-21,2269936,122508,26199,283
2020-06-22,2300362,122894,30426,386
2020-06-23,2335518,123740,35156,846
2020-06-24,2370420,124505,34902,765
2020-06-25,2409926,125061,39506,556
2020-06-26,2454697,125671,44771,610
2020-06-27,2496801,126172,42104,501
2020-06-28,2535784,126423,38983,251
2020-06-29,2576107,126785,40323,362
2020-06-30,2622271,127516,46164,731
2020-07-01,2672653,128202,50382,686
2020-07-02,2726437,128924,53784,722
2020-07-03,2779368,129576,52931,652
2020-07-04,2824647,129847,45279,271
2020-07-05,2874113,130145,49466,298
2020-07-06,2918867,130495,44754,350
2020-07-07,2978109,131718,59242,1223
2020-07-08,3035813,132566,57704,848
2020-07-09,3098333,133574,62520,1008
2020-07-10,3166216,134404,67883,830
2020-07-11,3226048,135095,59832,691
2020-07-12,3284130,135544,58082,449
2020-07-13,3342892,135925,58762,381
2020-07-14,3409415,136847,66523,922
2020-07-15,3476305,137811,66890,964
2020-07-16,3552389,138764,76084,953
2020-07-17,3623200,139683,70811,919
2020-07-18,3674520,140369,62440,863
2020-07-19,3734668,140815,60148,446
2020-07-20,3794989,141326,60321,511
2020-07-21,3858649,142427,63660,1101
2020-07-22,3929221,143627,70572,1200
2020-07-23,3997712,144742,68491,1115
2020-07-24,4069670,145859,71958,1117
2020-07-25,4135156,146750,65486,891
2020-07-26,4188644,147227,53488,477
2020-07-27,4244184,148350,55540,1123
2020-07-28,4309285,149710,65101,1360
2020-07-29,4379982,151140,70697,1430
2020-07-30,4447517,152352,67535,1212
2020-07-31,4513909,153588,66392,1236
2020-08-01,4571056,154691,57147,1103
2020-08-02,4617450,155091,46394,400
2020-08-03,4662053,155628,44603,537
2020-08-04,4719282,156995,57229,1367
2020-08-05,4771776,158357,52494,1362
2020-08-06,4830694,159593,58918,1236
2020-08-07,4887774,160825,57080,1232
2020-08-08,4942715,161891,54941,1066
2020-08-09,4988457,162400,45742,509
2020-08-10,5036896,162923,48439,523
2020-08-11,5082878,163972,45982,1049
2020-08-12,5138516,165469,55638,1497
2020-08-13,5189235,166531,50719,1062
2020-08-14,5252849,167860,63614,1329
2020-08-15,5299739,168874,46890,1014
2020-08-16,5341103,169436,41364,562
