"date","positive","death","positiveIncrease","deathIncrease"
2020-01-22,0,0,0,0
2020-01-23,0,0,0,0
2020-01-24,0,0,0,0
2020-01-25,0,0,0,0
2020-01-26,0,0,0,0
2020-01-27,0,0,0,0
2020-01-28,0,0,0,0
2020-01-29,0,0,0,0
2020-01-30,0,0,0,0
2020-01-31,0,0,0,0
2020-02-01,0,0,0,0
2020-02-02,0,0,0,0
2020-02-03,0,0,0,0
2020-02-04,0,0,0,0
2020-02-05,0,0,0,0
2020-02-06,0,0,0,0
2020-02-07,0,0,0,0
2020-02-08,0,0,0,0
2020-02-09,0,0,0,0
2020-02-10,0,0,0,0
2020-02-11,0,0,0,0
2020-02-12,0,0,0,0
2020-02-13,0,0,0,0
2020-02-14,0,0,0,0
2020-02-15,0,0,0,0
2020-02-16,0,0,0,0
2020-02-17,0,0,0,0
2020-02-18,0,0,0,0
2020-02-19,0,0,0,0
2020-02-20,0,0,0,0
2020-02-21,0,0,0,0
2020-02-22,0,0,0,0
2020-02-23,0,0,0,0
2020-02-24,0,0,0,0
2020-02-25,0,0,0,0
2020-02-26,0,0,0,0
2020-02-27,0,0,0,0
2020-02-28,0,0,0,0
2020-02-29,0,0,0,0
2020-03-01,0,0,0,0
2020-03-02,0,0,0,0
2020-03-03,0,0,0,0
2020-03-04,0,0,0,0
2020-03-05,0,0,0,0
2020-03-06,1,0,1,0
2020-03-07,1,0,0,0
2020-03-08,1,0,0,0
2020-03-09,3,0,2,0
2020-03-10,3,0,0,0
2020-03-11,5,0,2,0
2020-03-12,10,0,5,0
2020-03-13,14,0,4,0
2020-03-14,18,0,4,0
2020-03-15,17,0,-1,0
2020-03-16,18,0,1,0
2020-03-17,23,0,5,0
2020-03-18,24,0,1,0
2020-03-19,29,0,5,0
2020-03-20,37,0,8,0
2020-03-21,38,0,1,0
2020-03-22,51,0,13,0
2020-03-23,51,0,0,0
2020-03-24,66,0,15,0
2020-03-25,71,0,5,0
2020-03-26,74,0,3,0
2020-03-27,82,0,8,0
2020-03-28,96,2,14,2
2020-03-29,108,2,12,0
2020-03-30,145,2,37,0
2020-03-31,172,3,27,1
2020-04-01,210,4,38,1
2020-04-02,246,5,36,1
2020-04-03,279,6,33,1
2020-04-04,321,6,42,0
2020-04-05,364,8,43,2
2020-04-06,417,9,53,1
2020-04-07,447,10,30,1
2020-04-08,519,12,72,2
2020-04-09,568,14,49,2
2020-04-10,635,15,67,1
2020-04-11,699,17,64,2
2020-04-12,791,17,92,0
2020-04-13,814,17,23,0
2020-04-14,897,20,83,3
2020-04-15,901,20,4,0
2020-04-16,952,21,51,1
2020-04-17,1066,24,114,3
2020-04-18,1249,24,183,0
2020-04-19,1474,28,225,4
2020-04-20,1648,33,174,5
2020-04-21,1685,33,37,0
2020-04-22,1813,38,128,5
2020-04-23,2202,47,389,9
2020-04-24,2424,50,222,3
2020-04-25,2719,50,295,0
2020-04-26,3030,56,311,6
2020-04-27,3358,56,328,0
2020-04-28,3517,56,159,0
2020-04-29,3851,56,334,0
2020-04-30,4281,70,430,14
2020-05-01,5008,73,727,3
2020-05-02,5317,73,309,0
2020-05-03,5661,78,344,5
2020-05-04,6037,78,376,0
2020-05-05,6373,78,336,0
2020-05-06,6689,78,316,0
2020-05-07,7334,91,645,13
2020-05-08,7818,90,484,-1
2020-05-09,8093,90,275,0
2020-05-10,8171,90,78,0
2020-05-11,8407,98,236,8
2020-05-12,8532,100,125,2
2020-05-13,8912,103,380,3
2020-05-14,9260,103,348,0
2020-05-15,9610,113,350,10
2020-05-16,10220,123,610,10
2020-05-17,10177,123,-43,0
2020-05-18,10625,123,448,0
2020-05-19,10854,123,229,0
2020-05-20,11122,138,268,15
2020-05-21,11427,138,305,0
2020-05-22,11662,147,235,9
2020-05-23,11963,147,301,0
2020-05-24,12134,147,171,0
2020-05-25,12362,147,228,0
2020-05-26,12619,147,257,0
2020-05-27,12984,153,365,6
2020-05-28,13249,163,265,10
2020-05-29,13648,164,399,1
2020-05-30,13905,170,257,6
2020-05-31,14101,170,196,0
2020-06-01,14345,170,244,0
2020-06-02,14616,170,271,0
2020-06-03,14885,170,269,0
2020-06-04,15139,187,254,17
2020-06-05,15406,187,267,0
2020-06-06,15572,187,166,0
2020-06-07,15664,187,92,0
2020-06-08,15786,188,122,1
2020-06-09,15918,189,132,1
2020-06-10,16058,191,140,2
2020-06-11,16315,212,257,21
2020-06-12,16522,215,207,3
2020-06-13,16640,215,118,0
2020-06-14,16730,215,90,0
2020-06-15,16851,220,121,5
2020-06-16,17038,231,187,11
2020-06-17,17231,234,193,3
2020-06-18,17414,239,183,5
2020-06-19,17588,244,174,5
2020-06-20,17707,244,119,0
2020-06-21,17812,244,105,0
