"date","positive","death","positiveIncrease","deathIncrease"
2020-01-22,0,0,0,0
2020-01-23,0,0,0,0
2020-01-24,0,0,0,0
2020-01-25,0,0,0,0
2020-01-26,0,0,0,0
2020-01-27,0,0,0,0
2020-01-28,0,0,0,0
2020-01-29,0,0,0,0
2020-01-30,0,0,0,0
2020-01-31,0,0,0,0
2020-02-01,0,0,0,0
2020-02-02,0,0,0,0
2020-02-03,0,0,0,0
2020-02-04,0,0,0,0
2020-02-05,0,0,0,0
2020-02-06,0,0,0,0
2020-02-07,0,0,0,0
2020-02-08,0,0,0,0
2020-02-09,0,0,0,0
2020-02-10,0,0,0,0
2020-02-11,0,0,0,0
2020-02-12,0,0,0,0
2020-02-13,0,0,0,0
2020-02-14,0,0,0,0
2020-02-15,0,0,0,0
2020-02-16,0,0,0,0
2020-02-17,0,0,0,0
2020-02-18,0,0,0,0
2020-02-19,0,0,0,0
2020-02-20,0,0,0,0
2020-02-21,0,0,0,0
2020-02-22,0,0,0,0
2020-02-23,0,0,0,0
2020-02-24,0,0,0,0
2020-02-25,0,0,0,0
2020-02-26,0,0,0,0
2020-02-27,0,0,0,0
2020-02-28,0,0,0,0
2020-02-29,0,0,0,0
2020-03-01,0,0,0,0
2020-03-02,0,0,0,0
2020-03-03,0,0,0,0
2020-03-04,0,0,0,0
2020-03-05,0,0,0,0
2020-03-06,0,0,0,0
2020-03-07,0,0,0,0
2020-03-08,0,0,0,0
2020-03-09,0,0,0,0
2020-03-10,0,0,0,0
2020-03-11,0,0,0,0
2020-03-12,0,0,0,0
2020-03-13,0,0,0,0
2020-03-14,0,0,0,0
2020-03-15,0,0,0,0
2020-03-16,22,0,22,0
2020-03-17,22,0,0,0
2020-03-18,31,0,9,0
2020-03-19,40,0,9,0
2020-03-20,71,1,31,1
2020-03-21,98,0,27,-1
2020-03-22,102,2,4,2
2020-03-23,120,2,18,0
2020-03-24,141,2,21,0
2020-03-25,187,2,46,0
2020-03-26,231,3,44,1
2020-03-27,271,3,40,0
2020-03-28,304,4,33,1
2020-03-29,342,5,38,1
2020-03-30,401,9,59,4
2020-03-31,495,9,94,0
2020-04-01,586,9,91,0
2020-04-02,653,12,67,3
2020-04-03,757,15,104,3
2020-04-04,902,21,145,6
2020-04-05,1002,22,100,1
2020-04-06,1097,24,95,2
2020-04-07,1211,22,114,-2
2020-04-08,1440,27,229,5
2020-04-09,1523,32,83,5
2020-04-10,1660,38,137,6
2020-04-11,1778,47,118,9
2020-04-12,1875,50,97,3
2020-04-13,1955,52,80,2
2020-04-14,2058,67,103,15
2020-04-15,2197,72,139,5
2020-04-16,2350,81,153,9
2020-04-17,2476,86,126,5
2020-04-18,2666,91,190,5
2020-04-19,2793,96,127,5
2020-04-20,2927,105,134,9
2020-04-21,3098,112,171,7
2020-04-22,3206,127,108,15
2020-04-23,3361,139,155,12
2020-04-24,3528,153,167,14
2020-04-25,3699,165,171,12
2020-04-26,3841,178,142,13
2020-04-27,3892,185,51,7
2020-04-28,3994,190,102,5
2020-04-29,4106,205,112,15
2020-04-30,4323,224,217,19
2020-05-01,4658,231,335,7
2020-05-02,4797,240,139,9
2020-05-03,5016,251,219,11
2020-05-04,5170,258,154,7
2020-05-05,5322,264,152,6
2020-05-06,5461,277,139,13
2020-05-07,5654,285,193,8
2020-05-08,5899,304,245,19
2020-05-09,6102,311,203,7
2020-05-10,6272,323,170,12
2020-05-11,6389,328,117,5
2020-05-12,6485,336,96,8
2020-05-13,6584,350,99,14
2020-05-14,6736,358,152,8
2020-05-15,6871,368,135,10
2020-05-16,7042,375,171,7
2020-05-17,7123,383,81,8
2020-05-18,7270,392,147,9
2020-05-19,7434,400,164,8
2020-05-20,7551,407,117,7
2020-05-21,7788,412,237,5
2020-05-22,7893,418,105,6
2020-05-23,7966,427,73,9
2020-05-24,8110,432,144,5
2020-05-25,8225,440,115,8
2020-05-26,8334,440,109,0
2020-05-27,8406,445,72,5
2020-05-28,8492,453,86,8
2020-05-29,8538,460,46,7
2020-05-30,8717,462,179,2
2020-05-31,8801,466,84,4
2020-06-01,8857,468,56,2
2020-06-02,8886,470,29,2
2020-06-03,9016,473,130,3
2020-06-04,9120,475,104,2
2020-06-05,9199,479,79,4
2020-06-06,9269,483,70,4
2020-06-07,9332,489,63,6
2020-06-08,9389,491,57,2
2020-06-09,9474,495,85,4
2020-06-10,9537,499,63,4
2020-06-11,9589,502,52,3
2020-06-12,9654,506,65,4
2020-06-13,9709,511,55,5
2020-06-14,9767,515,58,4
2020-06-15,9799,515,32,0
2020-06-16,9818,520,19,5
2020-06-17,9847,523,29,3
2020-06-18,9903,527,56,4
2020-06-19,9952,530,49,3
2020-06-20,9984,531,32,1
2020-06-21,10020,533,36,2
2020-06-22,10058,535,38,2
2020-06-23,10094,537,36,2
2020-06-24,10128,541,34,4
2020-06-25,10159,543,31,2
2020-06-26,10185,546,26,3
2020-06-27,10216,548,31,2
2020-06-28,10248,550,32,2
2020-06-29,10292,551,44,1
2020-06-30,10327,551,35,0
2020-07-01,10365,553,38,2
2020-07-02,10390,554,25,1
2020-07-03,10435,555,45,1
2020-07-04,10447,557,12,2
2020-07-05,10482,559,35,2
2020-07-06,10515,561,33,2
2020-07-07,10569,561,54,0
2020-07-08,10642,564,73,3
2020-07-09,10679,568,37,4
2020-07-10,10743,568,64,0
2020-07-11,10801,568,58,0
2020-07-12,10847,568,46,0
2020-07-13,10906,568,59,0
2020-07-14,10946,568,40,0
2020-07-15,11026,571,80,3
2020-07-16,11076,574,50,3
2020-07-17,11115,577,39,3
2020-07-18,11194,578,79,1
2020-07-19,11261,578,67,0
2020-07-20,11339,579,78,1
2020-07-21,11427,580,88,1
2020-07-22,11529,580,102,0
2020-07-23,11571,581,42,1
2020-07-24,11649,581,78,0
2020-07-25,11717,581,68,0
2020-07-26,11780,581,63,0
2020-07-27,11858,582,78,1
2020-07-28,11945,583,87,1
2020-07-29,11999,584,54,1
2020-07-30,12057,584,58,0
2020-07-31,12126,585,69,1
2020-08-01,12205,585,79,0
2020-08-02,12274,586,69,1
2020-08-03,12313,586,39,0
2020-08-04,12398,587,85,1
2020-08-05,12443,587,45,0
2020-08-06,12518,587,75,0
2020-08-07,12589,589,71,2
2020-08-08,12653,590,64,1
2020-08-09,12753,591,100,1
