"date","positive","death","positiveIncrease","deathIncrease","hospitalized","hospitalizedIncrease"
"2020-04-13",21019,499,1124,38,2833,61
"2020-04-14",21628,571,609,72,3060,227
"2020-04-15",22511,596,883,25,3344,284
"2020-04-16",23343,668,832,72,3460,116
"2020-04-17",24759,725,1416,57,3665,205
"2020-04-18",25492,748,733,23,3842,177
"2020-04-19",26314,774,822,26,3930,88
"2020-04-20",27059,822,745,48,4010,80
"2020-04-21",27869,867,810,45,4235,225
"2020-04-22",28309,893,440,26,4469,234
"2020-04-23",29648,987,1339,94,4693,224
"2020-04-24",30533,1046,885,59,5009,316
"2020-04-25",30839,1055,306,9,5045,36
"2020-04-26",31532,1075,693,20,5155,110
"2020-04-27",32138,1088,606,13,5211,56
"2020-04-28",32848,1171,710,83,5266,55
"2020-04-29",33193,1218,345,47,5624,358
"2020-04-30",33690,1268,497,50,5795,171
"2020-05-01",34728,1314,1038,46,5795,0
"2020-05-02",35463,1364,735,50,5945,150
"2020-05-03",36078,1379,615,15,6244,299
"2020-05-04",36897,1399,819,20,6329,85
"2020-05-05",37439,1471,542,72,6546,217
"2020-05-06",38002,1539,563,68,6776,230
"2020-05-07",38828,1600,826,61,6990,214
"2020-05-08",39199,1669,371,69,7157,167
"2020-05-09",40001,1715,802,46,7325,168
"2020-05-10",40596,1721,595,6,7404,79
"2020-05-11",40982,1735,386,14,7458,54
"2020-05-12",41923,1779,941,44,7654,196
"2020-05-13",42402,1827,479,48,7835,181
"2020-05-14",43210,1875,808,48,7993,158
"2020-05-15",44138,1917,928,42,7993,0
"2020-05-16",44811,1964,673,47,8393,400
"2020-05-17",45588,1973,777,9,8478,85
"2020-05-18",46442,1997,854,24,8553,75
"2020-05-19",46944,2052,502,55,8744,191
"2020-05-20",47471,2096,527,44,8934,190
"2020-05-21",48675,2144,1204,48,9200,266
"2020-05-22",49451,2190,776,46,9372,172
"2020-05-23",50127,2233,676,43,9567,195
"2020-05-24",50867,2237,740,4,9638,71
"2020-05-25",51746,2252,879,15,9681,43
"2020-05-26",52255,2259,509,7,9740,59
"2020-05-27",52634,2319,379,60,9899,159
"2020-05-28",53285,2364,651,45,10056,157
"2020-05-29",54497,2413,1212,49,10243,187
"2020-05-30",55424,2447,927,34,10375,132
"2020-05-31",56163,2451,739,4,10453,78
"2020-06-01",56830,2460,667,9,10494,41
"2020-06-02",57447,2530,617,70,10678,184
"2020-06-03",58764,2566,1317,36,10796,118
"2020-06-04",60183,2607,1419,41,10923,127
"2020-06-05",61488,2660,1305,53,11066,143
"2020-06-06",62758,2688,1270,28,11163,97
"2020-06-07",63938,2700,1180,12,11215,52
"2020-06-08",64904,2712,966,12,11282,67
"2020-06-09",66000,2765,1096,53,11460,178
"2020-06-10",67371,2801,1371,36,11621,161
"2020-06-11",69069,2848,1698,47,11850,229
"2020-06-12",70971,2877,1902,29,11986,136
"2020-06-13",73552,2925,2581,48,12155,169
"2020-06-14",75568,2931,2016,6,12224,69
"2020-06-15",77326,2938,1758,7,12298,74
"2020-06-16",80109,2993,2783,55,12489,191
"2020-06-17",82719,3018,2610,25,12673,184
"2020-06-18",85926,3061,3207,43,12862,189
"2020-06-19",89748,3104,3822,43,13062,200
"2020-06-20",93797,3144,4049,40,13227,165
"2020-06-21",97291,3161,3494,17,13325,98
"2020-06-22",100217,3173,2926,12,13407,82
"2020-06-23",103503,3238,3286,65,13614,207
"2020-06-24",109014,3281,5511,43,13865,251
"2020-06-25",114018,3327,5004,46,14068,203
"2020-06-26",122960,3366,8942,39,14281,213
"2020-06-27",132545,3390,9585,24,14432,151
"2020-06-28",141075,3419,8530,29,14540,108
"2020-06-29",146341,3447,5266,28,14651,111
"2020-06-30",152434,3505,6093,58,14879,228
"2020-07-01",158997,3550,6563,45,15125,246
"2020-07-02",169106,3617,10109,67,15454,329
"2020-07-03",178594,3684,9488,67,15795,341
"2020-07-04",190052,3702,11458,18,16040,245
"2020-07-05",200111,3731,10059,29,16201,161
"2020-07-06",206447,3778,6336,47,16352,151
"2020-07-07",213794,3841,7347,63,16733,381
"2020-07-08",223783,3889,9989,48,17068,335
"2020-07-09",232718,4009,8935,120,17479,411
"2020-07-10",244151,4102,11433,93,17916,437
"2020-07-11",254511,4197,10360,95,18341,425
"2020-07-12",269811,4242,15300,45,18590,249
"2020-07-13",282435,4277,12624,35,18817,227
"2020-07-14",291629,4409,9194,132,19201,384
"2020-07-15",301810,4521,10181,112,19659,458
"2020-07-16",315775,4677,13965,156,20154,495
"2020-07-17",327241,4805,11466,128,20526,372
"2020-07-18",337569,4895,10328,90,20969,443
"2020-07-19",350047,4982,12478,87,21309,340
"2020-07-20",360394,5072,10347,90,21605,296
"2020-07-21",369834,5206,9440,134,22123,518
"2020-07-22",379619,5345,9785,139,22588,465
"2020-07-23",389868,5518,10249,173,22991,403
"2020-07-24",402312,5653,12444,135,23575,584
"2020-07-25",414511,5777,12199,124,24086,511
"2020-07-26",423855,5854,9344,77,24421,335
"2020-07-27",432747,5931,8892,77,24690,269
"2020-07-28",441977,6117,9230,186,25280,590
"2020-07-29",451423,6333,9446,216,25867,587
"2020-07-30",461379,6586,9956,253,26386,519
"2020-07-31",470386,6843,9007,257,26905,519
"2020-08-01",480028,7022,9642,179,27344,439
"2020-08-02",487132,7084,7104,62,27524,180
"2020-08-03",491884,7157,4752,73,27744,220
"2020-08-04",497330,7402,5446,245,28333,589
"2020-08-05",502739,7627,5409,225,28956,623
"2020-08-06",510389,7747,7650,120,29515,559
"2020-08-07",518075,7927,7686,180,30114,599
"2020-08-08",526577,8109,8502,182,30639,525
"2020-08-09",532806,8186,6229,77,30893,254
"2020-08-10",536961,8277,4155,91,31177,284
"2020-08-11",542792,8553,5831,276,31750,573
"2020-08-12",550901,8765,8109,212,32349,599
"2020-08-13",557137,8913,6236,148,32947,598
"2020-08-14",563285,9141,6148,228,33568,621
"2020-08-15",569637,9345,6352,204,34074,506
"2020-08-16",573416,9452,3779,107,34341,267
"2020-08-17",576094,9539,2678,87,34607,266
"2020-08-18",579932,9758,3838,219,35112,505
"2020-08-19",584047,9932,4115,174,35620,508
"2020-08-20",588602,10049,4555,117,36070,450
"2020-08-21",593286,10168,4684,119,36425,355
"2020-08-22",597597,10274,4311,106,36764,339
"2020-08-23",600571,10325,2974,51,36903,139
"2020-08-24",602829,10397,2258,72,37032,129
"2020-08-25",605502,10580,2673,183,37477,445
"2020-08-26",608722,10733,3220,153,37847,370
"2020-08-27",611991,10868,3269,135,38163,316
"2020-08-28",615806,10957,3815,89,0,0
"2020-08-29",619003,11105,3197,148,0,0
"2020-08-30",621586,11119,2583,14,0,0
"2020-08-31",623471,11187,1885,68,0,0
"2020-09-01",631040,11374,7569,187,0,0
"2020-09-02",633442,11501,2402,127,0,0
"2020-09-03",637013,11650,3571,149,0,0
"2020-09-04",640211,11750,3198,100,0,0
"2020-09-05",643867,11811,3656,61,0,0
"2020-09-06",646431,11849,2564,38,0,0
"2020-09-07",648269,11871,1838,22,0,0
"2020-09-08",650092,11915,1823,44,0,0
"2020-09-09",652259,12110,2167,195,0,0
"2020-09-10",654731,12326,2472,216,0,0
"2020-09-11",658381,12502,3650,176,0,0
"2020-09-12",661571,12600,3190,98,0,0
"2020-09-13",663994,12608,2423,8,0,0
"2020-09-14",665730,12642,1736,34,0,0
"2020-09-15",668846,12787,3116,145,0,0
"2020-09-16",671201,12939,2355,152,0,0
"2020-09-17",674456,13086,3255,147,0,0
"2020-09-18",677660,13225,3204,139,0,0
"2020-09-19",681233,13287,3573,62,0,0
"2020-09-20",683754,13296,2521,9,0,0
"2020-09-21",685439,13317,1685,21,0,0
"2020-09-22",687909,13416,2470,99,0,0
"2020-09-23",690499,13618,2590,202,0,0
"2020-09-24",693040,13795,2541,177,0,0
"2020-09-25",695887,13915,2847,120,0,0
"2020-09-26",698682,14022,2795,107,0,0
"2020-09-27",700564,14032,1882,10,0,0
"2020-09-28",701302,14037,738,5,0,0
"2020-09-29",704568,14143,3266,106,0,0
"2020-09-30",706516,14317,1948,174,0,0
"2020-10-01",709144,14444,2628,127,0,0
"2020-10-02",711804,14554,2660,110,0,0
"2020-10-03",714591,14628,2787,74,0,0
"2020-10-04",716459,14671,1868,43,0,0
"2020-10-05",717874,14712,1415,41,0,0
"2020-10-06",720125,14767,2251,55,0,0
"2020-10-07",722707,14904,2582,137,0,0
"2020-10-08",726013,15068,3306,164,0,0
"2020-10-09",728921,15186,2908,118,0,0
"2020-10-10",728921,15186,0,0,0,0
"2020-10-11",734491,15364,5570,178,0,0
"2020-10-12",736024,15412,1533,48,0,0
"2020-10-13",738749,15531,2725,119,0,0
"2020-10-14",741632,15595,2883,64,0,0
"2020-10-15",744988,15736,3356,141,0,0
"2020-10-16",748437,15830,3449,94,0,0
"2020-10-17",752481,15917,4044,87,0,0
"2020-10-18",755020,15967,2539,50,0,0
"2020-10-19",756727,16021,1707,54,0,0
"2020-10-20",760389,16105,3662,84,0,0
"2020-10-21",762533,16210,2144,105,0,0
"2020-10-22",768091,16267,5558,57,0,0
"2020-10-23",771780,16340,3689,73,0,0
"2020-10-24",776251,16417,4471,77,0,0
"2020-10-25",778636,16429,2385,12,0,0
"2020-10-26",782013,16449,3377,20,0,0
"2020-10-27",786311,16505,4298,56,0,0
"2020-10-28",790426,16571,4115,66,0,0
"2020-10-29",794624,16648,4198,77,0,0
"2020-10-30",800216,16720,5592,72,0,0
"2020-10-31",802547,16761,2331,41,0,0
"2020-11-01",807412,16789,4865,28,0,0
"2020-11-02",812063,16834,4651,45,0,0
"2020-11-03",816700,16890,4637,56,0,0
"2020-11-04",821123,16922,4423,32,0,0
"2020-11-05",827380,16961,6257,39,0,0
"2020-11-06",832625,17014,5245,53,0,0
"2020-11-07",837077,17100,4452,86,0,0
"2020-11-08",843897,17121,6820,21,0,0
