"date","positive","death","positiveIncrease","deathIncrease","hospitalized","hospitalizedIncrease"
2020-04-13,1584,53,57,1,369,10
2020-04-14,1633,55,49,2,381,12
2020-04-15,1663,58,30,3,401,20
2020-04-16,1736,64,73,6,414,13
2020-04-17,1785,70,49,6,427,13
2020-04-18,1844,72,59,2,449,22
2020-04-19,1910,74,66,2,456,7
2020-04-20,1957,75,47,1,465,9
2020-04-21,2004,78,47,3,471,6
2020-04-22,2059,78,55,0,488,17
2020-04-23,2127,83,68,5,512,24
2020-04-24,2177,86,50,3,520,8
2020-04-25,2253,87,76,1,536,16
2020-04-26,2311,92,58,5,546,10
2020-04-27,2354,92,43,0,554,8
2020-04-28,2385,99,31,7,554,0
2020-04-29,2446,101,61,2,569,15
2020-04-30,2510,103,64,2,578,9
2020-05-01,2579,104,69,1,591,13
2020-05-02,2635,109,56,5,595,4
2020-05-03,2680,109,45,0,598,3
2020-05-04,2759,109,79,0,608,10
2020-05-05,2839,113,80,4,622,14
2020-05-06,2916,115,77,2,641,19
2020-05-07,2989,121,73,6,645,4
2020-05-08,3068,124,79,3,659,14
2020-05-09,3160,127,92,3,662,3
2020-05-10,3228,127,68,0,670,8
2020-05-11,3286,130,58,3,673,3
2020-05-12,3358,130,72,0,673,0
2020-05-13,3416,134,58,4,678,5
2020-05-14,3479,137,63,3,685,7
2020-05-15,3541,137,62,0,691,6
2020-05-16,3612,137,71,0,699,8
2020-05-17,3623,137,11,0,703,4
2020-05-18,3687,138,64,1,708,5
2020-05-19,3726,140,39,2,714,6
2020-05-20,3801,144,75,4,723,9
2020-05-21,3817,145,16,1,732,9
2020-05-22,3864,147,47,2,737,5
2020-05-23,3888,147,24,0,740,3
2020-05-24,3927,148,39,1,742,2
2020-05-25,3949,148,22,0,747,5
2020-05-26,3967,148,18,0,752,5
2020-05-27,4038,148,71,0,759,7
2020-05-28,4086,151,48,3,768,9
2020-05-29,4131,151,45,0,771,3
2020-05-30,4185,153,54,2,778,7
2020-05-31,4243,153,58,0,786,8
2020-06-01,4302,154,59,1,790,4
2020-06-02,4335,157,33,3,795,5
2020-06-03,4399,159,64,2,800,5
2020-06-04,4474,159,75,0,812,12
2020-06-05,4570,161,96,2,819,7
2020-06-06,4570,161,0,0,819,0
2020-06-07,4662,163,92,2,819,0
2020-06-08,4922,164,260,1,843,24
2020-06-09,4988,169,66,5,851,8
2020-06-10,5060,169,72,0,857,6
2020-06-11,5237,171,177,2,864,7
2020-06-12,5377,173,140,2,875,11
2020-06-13,5377,173,0,0,875,0
2020-06-14,5377,173,0,0,875,0
2020-06-15,5820,180,443,7,875,0
2020-06-16,6098,182,278,2,912,37
2020-06-17,6218,183,120,1,929,17
2020-06-18,6366,187,148,4,933,4
2020-06-19,6572,188,206,1,946,13
2020-06-20,6572,188,0,0,946,0
2020-06-21,6572,188,0,0,946,0
2020-06-22,7083,192,511,4,969,23
2020-06-23,7274,192,191,0,983,14
2020-06-24,7444,195,170,3,1006,23
2020-06-25,7568,197,124,2,1012,6
2020-06-26,7818,202,250,5,1022,10
2020-06-27,8094,202,276,0,1022,0
2020-06-28,8341,202,247,0,1022,0
2020-06-29,8485,204,144,2,1025,3
2020-06-30,8656,207,171,3,1038,13
2020-07-01,8931,208,275,1,1055,17
2020-07-02,9294,209,363,1,1069,14
2020-07-03,9636,209,342,0,1069,0
2020-07-04,9930,213,294,4,1069,0
2020-07-05,10230,215,300,2,1069,0
2020-07-06,10395,215,165,0,1125,56
2020-07-07,10605,220,210,5,1141,16
2020-07-08,10817,224,212,4,1155,14
2020-07-09,11188,230,371,6,1162,7
2020-07-10,11454,232,266,2,1180,18
2020-07-11,11851,232,397,0,1180,0
2020-07-12,12170,234,319,2,1180,0
2020-07-13,12438,237,268,3,1234,54
2020-07-14,12805,244,367,7,1254,20
2020-07-15,13081,247,276,3,1254,0
2020-07-16,13509,249,428,2,1311,57
2020-07-17,13802,254,293,5,1327,16
2020-07-18,14149,257,347,3,1327,0
2020-07-19,14579,260,430,3,1327,0
2020-07-20,14847,262,268,2,1387,60
2020-07-21,15139,269,292,7,1406,19
2020-07-22,15393,271,254,2,1433,27
2020-07-23,15713,273,320,2,1465,32
2020-07-24,16104,282,391,9,1474,9
2020-07-25,16104,282,0,0,1474,0
2020-07-26,16758,289,654,7,1474,0
2020-07-27,17088,289,330,0,1514,40
2020-07-28,17408,303,320,14,1537,23
2020-07-29,17721,311,313,8,1568,31
2020-07-30,18131,316,410,5,1587,19
2020-07-31,18492,322,361,6,1607,20
2020-08-01,18817,325,325,3,1607,0
2020-08-02,19097,326,280,1,1607,0
2020-08-03,19366,328,269,2,1655,48
2020-08-04,19699,333,333,5,1688,33
2020-08-05,19978,338,279,5,1726,38
2020-08-06,20224,339,246,1,1743,17
2020-08-07,20635,348,411,9,1758,15
2020-08-08,21010,355,375,7,1758,0
2020-08-09,21272,356,262,1,1758,0
2020-08-10,21488,357,216,1,1798,40
2020-08-11,21774,368,286,11,1813,15
2020-08-12,22022,375,248,7,1845,32
2020-08-13,22300,383,278,8,1853,8
2020-08-14,22613,385,313,2,1863,10
2020-08-15,23018,386,405,1,1863,0
2020-08-16,23262,388,244,2,1863,0
2020-08-17,23451,388,189,0,1913,50
2020-08-18,23676,397,225,9,1929,16
2020-08-19,23870,408,194,11,1958,29
2020-08-20,24165,412,295,4,1979,21
2020-08-21,24421,414,256,2,1984,5
2020-08-22,24710,417,289,3,1984,0
2020-08-23,24937,417,227,0,1984,0
2020-08-24,25155,420,218,3,2028,44
2020-08-25,25391,428,236,8,2038,10
2020-08-26,25571,433,180,5,2063,25
2020-08-27,25761,438,190,5,2093,30
2020-08-28,26054,447,293,9,NA,NA
2020-08-29,26293,454,239,7,NA,NA
2020-08-30,26554,458,261,4,NA,NA
2020-08-31,26713,459,159,1,NA,NA
2020-09-01,26946,464,233,5,NA,NA
2020-09-02,27075,468,129,4,NA,NA
2020-09-03,27336,470,261,2,NA,NA
2020-09-04,27601,475,265,5,NA,NA
2020-09-05,27856,480,255,5,NA,NA
2020-09-06,28044,481,188,1,NA,NA
2020-09-07,28190,482,146,1,NA,NA
2020-09-08,28356,486,166,4,NA,NA
2020-09-09,28471,494,115,8,NA,NA
2020-09-10,28471,497,0,3,NA,NA
2020-09-11,28865,499,394,2,NA,NA
2020-09-12,29156,505,291,6,NA,NA
2020-09-13,29337,509,181,4,NA,NA
2020-09-14,29337,509,0,0,NA,NA
2020-09-15,29662,519,325,10,NA,NA
2020-09-16,29850,521,188,2,NA,NA
2020-09-17,30060,521,210,0,NA,NA
2020-09-18,30342,521,282,0,NA,NA
2020-09-19,30599,525,257,4,NA,NA
2020-09-20,30801,526,202,1,NA,NA
2020-09-21,30995,529,194,3,NA,NA
2020-09-22,31313,532,318,3,NA,NA
2020-09-23,31503,538,190,6,NA,NA
2020-09-24,31865,539,362,1,NA,NA
2020-09-25,32314,542,449,3,NA,NA
2020-09-26,32581,542,267,0,NA,NA
2020-09-27,32820,543,239,1,NA,NA
2020-09-28,32994,547,174,4,NA,NA
2020-09-29,33291,555,297,8,NA,NA
2020-09-30,33509,559,218,4,NA,NA
2020-10-01,33862,560,353,1,NA,NA
2020-10-02,34163,563,301,3,NA,NA
2020-10-03,34511,571,348,8,NA,NA
2020-10-04,34770,572,259,1,NA,NA
2020-10-05,35049,572,279,0,NA,NA
2020-10-06,35339,581,290,9,NA,NA
2020-10-07,35634,583,295,2,NA,NA
2020-10-08,36116,594,482,11,NA,NA
2020-10-09,36526,597,410,3,NA,NA
2020-10-10,36924,599,398,2,NA,NA
2020-10-11,37255,599,331,0,NA,NA
2020-10-12,37467,599,212,0,NA,NA
2020-10-13,37780,605,313,6,NA,NA
2020-10-14,38160,608,380,3,NA,NA
2020-10-15,38525,611,365,3,NA,NA
2020-10-16,38935,617,410,6,NA,NA
2020-10-17,39315,619,380,2,NA,NA
2020-10-18,39532,620,217,1,NA,NA
2020-10-19,39794,627,262,7,NA,NA
2020-10-20,40136,633,342,6,NA,NA
2020-10-21,40443,635,307,2,NA,NA
2020-10-22,40443,635,0,0,NA,NA
2020-10-23,41348,649,905,14,NA,NA
2020-10-24,41739,653,391,4,NA,NA
2020-10-25,42101,653,362,0,NA,NA
2020-10-26,42436,655,335,2,NA,NA
2020-10-27,42808,664,372,9,NA,NA
2020-10-28,43228,671,420,7,NA,NA
2020-10-29,43793,673,565,2,NA,NA
2020-10-30,44388,675,595,2,NA,NA
2020-10-31,44921,689,533,14,NA,NA
2020-11-01,45429,691,508,2,NA,NA
2020-11-02,45978,692,549,1,NA,NA
2020-11-03,46460,701,482,9,NA,NA
2020-11-04,47049,705,589,4,NA,NA
2020-11-05,47839,710,790,5,NA,NA
2020-11-06,48608,716,769,6,NA,NA
2020-11-07,49587,729,979,13,NA,NA
2020-11-08,50448,730,861,1,NA,NA
