"date","positive","death","positiveIncrease","deathIncrease","hospitalized","hospitalizedIncrease","hospitalizedCurrently"
2020-03-04,0,0,0,0,0,0,0
2020-03-05,0,0,0,0,0,0,0
2020-03-06,0,0,0,0,0,0,0
2020-03-07,1,0,1,0,0,0,0
2020-03-08,1,0,0,0,0,0,0
2020-03-09,2,0,1,0,0,0,0
2020-03-10,2,0,0,0,0,0,0
2020-03-11,2,0,0,0,0,0,0
2020-03-12,2,0,0,0,0,0,0
2020-03-13,2,0,0,0,0,0,0
2020-03-14,2,0,0,0,0,0,0
2020-03-15,2,0,0,0,0,0,0
2020-03-16,7,0,5,0,0,0,0
2020-03-17,10,0,3,0,0,0,0
2020-03-18,14,0,4,0,0,0,0
2020-03-19,16,0,2,0,0,0,0
2020-03-20,26,0,10,0,0,0,0
2020-03-21,37,0,11,0,0,0,0
2020-03-22,48,0,11,0,0,0,0
2020-03-23,56,0,8,0,0,0,0
2020-03-24,77,0,21,0,4,4,0
2020-03-25,90,0,13,0,6,2,0
2020-03-26,95,0,5,0,5,-1,0
2020-03-27,106,0,11,0,7,2,0
2020-03-28,120,0,14,0,8,1,0
2020-03-29,151,0,31,0,12,4,0
2020-03-30,175,0,24,0,12,0,0
2020-03-31,204,0,29,0,12,0,0
2020-04-01,208,1,4,1,13,1,0
2020-04-02,258,1,50,0,15,2,0
2020-04-03,285,2,27,1,15,0,0
2020-04-04,319,3,34,1,18,3,0
2020-04-05,351,4,32,1,19,1,0
2020-04-06,371,4,20,0,21,2,0
2020-04-07,387,5,16,1,26,5,0
2020-04-08,410,5,23,0,42,16,0
2020-04-09,435,5,25,0,42,0,0
2020-04-10,442,6,7,1,42,0,0
2020-04-11,465,8,23,2,43,1,0
2020-04-12,486,8,21,0,44,1,0
2020-04-13,499,9,13,1,44,0,0
2020-04-14,504,9,5,0,44,0,0
2020-04-15,517,9,13,0,45,1,0
2020-04-16,530,9,13,0,45,0,0
2020-04-17,541,9,11,0,45,0,0
2020-04-18,553,9,12,0,48,3,0
2020-04-19,574,9,21,0,51,3,0
2020-04-20,580,10,6,1,52,1,0
2020-04-21,584,10,4,0,55,3,0
2020-04-22,586,12,2,2,56,1,0
2020-04-23,592,12,6,0,63,7,0
2020-04-24,596,12,4,0,63,0,0
2020-04-25,601,13,5,1,67,4,0
2020-04-26,603,14,2,1,68,1,0
2020-04-27,606,14,3,0,68,0,0
2020-04-28,607,16,1,2,68,0,0
2020-04-29,609,16,2,0,69,1,0
2020-04-30,613,16,4,0,69,0,0
2020-05-01,618,16,5,0,70,1,0
2020-05-02,619,16,1,0,72,2,0
2020-05-03,620,16,1,0,72,0,0
2020-05-04,620,17,0,1,73,1,0
2020-05-05,621,17,1,0,73,0,0
2020-05-06,625,17,4,0,73,0,0
2020-05-07,626,17,1,0,74,1,0
2020-05-08,629,17,3,0,74,0,0
2020-05-09,629,17,0,0,81,7,0
2020-05-10,631,17,2,0,81,0,0
2020-05-11,632,17,1,0,81,0,0
2020-05-12,634,17,2,0,81,0,0
2020-05-13,635,17,1,0,81,0,0
2020-05-14,638,17,3,0,81,0,0
2020-05-15,637,17,-1,0,81,0,0
2020-05-16,638,17,1,0,81,0,0
2020-05-17,639,17,1,0,82,1,0
2020-05-18,640,17,1,0,82,0,0
2020-05-19,640,17,0,0,82,0,0
2020-05-20,641,17,1,0,82,0,0
2020-05-21,643,17,2,0,82,0,0
2020-05-22,647,17,4,0,83,1,0
2020-05-23,642,17,-5,0,84,1,0
2020-05-24,643,17,1,0,84,0,0
2020-05-25,643,17,0,0,84,0,0
2020-05-26,643,17,0,0,84,0,0
2020-05-27,643,17,0,0,83,-1,0
2020-05-28,644,17,1,0,83,0,0
2020-05-29,647,17,3,0,83,0,0
2020-05-30,649,17,2,0,83,0,0
2020-05-31,651,17,2,0,83,0,0
2020-06-01,652,17,1,0,83,0,0
2020-06-02,652,17,0,0,83,0,0
2020-06-03,653,17,1,0,83,0,0
2020-06-04,653,17,0,0,83,0,0
2020-06-05,655,17,2,0,83,0,0
2020-06-06,664,17,9,0,83,0,0
2020-06-07,673,17,9,0,83,0,0
2020-06-08,675,17,2,0,84,1,0
2020-06-09,676,17,1,0,84,0,0
2020-06-10,682,17,6,0,84,0,0
2020-06-11,685,17,3,0,85,1,0
2020-06-12,692,17,7,0,86,1,0
2020-06-13,706,17,14,0,87,1,0
2020-06-14,723,17,17,0,89,2,0
2020-06-15,728,17,5,0,91,2,0
2020-06-16,736,17,8,0,91,0,0
2020-06-17,740,17,4,0,92,1,0
2020-06-18,744,17,4,0,95,3,0
2020-06-19,762,17,18,0,95,0,0
2020-06-20,789,17,27,0,96,1,0
2020-06-21,803,17,14,0,96,0,0
2020-06-22,814,17,11,0,97,1,0
2020-06-23,816,17,2,0,99,2,0
2020-06-24,819,17,3,0,104,5,0
2020-06-25,835,17,16,0,105,1,0
2020-06-26,850,17,15,0,109,4,0
2020-06-27,866,17,16,0,109,0,0
2020-06-28,872,18,6,1,110,1,0
2020-06-29,899,18,27,0,111,1,0
2020-06-30,900,18,1,0,111,0,0
2020-07-01,917,18,17,0,113,2,0
2020-07-02,926,18,9,0,116,3,0
2020-07-03,946,18,20,0,116,0,0
2020-07-04,975,19,29,1,118,2,0
2020-07-05,999,19,24,0,118,0,0
2020-07-06,1023,19,24,0,118,0,0
2020-07-07,1030,19,7,0,119,1,0
2020-07-08,1071,19,41,0,119,0,0
2020-07-09,1094,19,23,0,122,3,0
2020-07-10,1130,19,36,0,123,1,0
2020-07-11,1158,19,28,0,125,2,0
2020-07-12,1200,19,42,0,125,0,0
2020-07-13,1220,19,20,0,125,0,0
2020-07-14,1243,22,23,3,128,3,23
2020-07-15,1264,22,21,0,133,5,31
2020-07-16,1292,22,28,0,137,4,40
2020-07-17,1311,22,19,0,138,1,39
2020-07-18,1334,23,23,1,139,1,39
2020-07-19,1354,24,20,1,140,1,39
2020-07-20,1381,24,27,0,150,10,33
2020-07-21,1393,24,12,0,150,0,46
2020-07-22,1418,24,25,0,151,1,47
2020-07-23,1435,25,17,1,154,3,39
2020-07-24,1490,26,55,1,155,1,39
2020-07-25,1549,26,59,0,156,1,29
2020-07-26,1620,26,71,0,161,5,29
2020-07-27,1683,26,63,0,163,2,26
2020-07-28,1711,26,28,0,165,2,39
2020-07-29,1757,26,46,0,167,2,47
2020-07-30,1865,26,108,0,173,6,61
2020-07-31,1989,26,124,0,177,4,65
2020-08-01,2111,26,122,0,179,2,75
2020-08-02,2197,26,86,0,194,15,75
2020-08-03,2242,26,45,0,199,5,75
2020-08-04,2448,26,206,0,201,2,138
2020-08-05,2591,27,143,1,208,7,83
2020-08-06,2763,27,172,0,214,6,83
2020-08-07,2914,29,151,2,225,11,117
2020-08-08,3115,31,201,2,231,6,102
2020-08-09,3346,31,231,0,237,6,105
2020-08-10,3498,31,152,0,239,2,105
2020-08-11,3638,34,140,3,242,3,105
2020-08-12,3958,38,320,4,260,18,166
2020-08-13,4312,40,354,2,267,7,132
2020-08-14,4312,40,0,0,267,0,146
2020-08-15,4543,40,231,0,277,10,173
2020-08-16,4825,40,282,0,279,2,143
2020-08-17,5042,40,217,0,283,4,143
2020-08-18,5215,40,173,0,288,5,175
2020-08-19,5609,42,394,2,303,15,205
2020-08-20,5844,45,235,3,317,14,187
2020-08-21,5844,45,0,0,317,0,165
2020-08-22,6072,46,228,1,337,20,227
2020-08-23,6356,47,284,1,377,40,192
2020-08-24,6600,47,244,0,396,19,192
2020-08-25,6984,49,384,2,419,23,250
2020-08-26,6984,49,0,0,419,0,270
2020-08-27,7260,51,276,2,444,25,291
2020-08-28,7566,55,306,4,462,18,286
2020-08-29,7830,59,264,4,485,23,279
2020-08-30,8139,62,309,3,497,12,272
2020-08-31,8339,63,200,1,505,8,272
2020-09-01,8472,70,133,7,508,3,297
2020-09-02,8653,74,181,4,532,24,288
2020-09-03,8991,75,338,1,552,20,276
2020-09-04,9202,79,211,4,573,21,277
2020-09-05,9473,81,271,2,583,10,265
2020-09-06,9693,84,220,3,592,9,265
2020-09-07,9855,85,162,1,597,5,265
2020-09-08,9959,86,104,1,598,1,265
2020-09-09,10156,88,197,2,599,1,257
2020-09-10,10254,91,98,3,604,5,240
2020-09-11,10423,94,169,3,610,6,240
2020-09-12,10593,96,170,2,622,12,220
2020-09-13,10722,97,129,1,635,13,220
2020-09-14,10834,99,112,2,636,1,225
2020-09-15,10913,99,79,0,638,2,225
2020-09-16,10978,100,65,1,654,16,222
2020-09-17,11080,103,102,3,667,13,210
2020-09-18,11239,107,159,4,685,18,197
2020-09-19,11376,120,137,13,700,15,200
2020-09-20,11485,120,109,0,726,26,185
2020-09-21,11562,120,77,0,730,4,185
2020-09-22,11618,120,56,0,735,5,185
2020-09-23,11681,120,63,0,749,14,181
2020-09-24,11848,122,167,2,763,14,162
2020-09-25,11938,124,90,2,779,16,150
2020-09-26,12070,127,132,3,787,8,150
2020-09-27,12197,131,127,4,802,15,150
2020-09-28,12295,132,98,1,816,14,148
2020-09-29,12382,132,87,0,819,3,147
2020-09-30,12469,132,87,0,832,13,147
2020-10-01,12589,136,120,4,847,15,140
2020-10-02,12694,139,105,3,862,15,130
2020-10-03,12788,142,94,3,880,18,125
2020-10-04,12921,153,133,11,885,5,128
2020-10-05,12991,156,70,3,889,4,128
2020-10-06,13041,157,50,1,889,0,128
2020-10-07,13124,160,83,3,889,0,115
2020-10-08,13232,163,108,3,894,5,109
2020-10-09,13333,164,101,1,900,6,111
2020-10-10,13498,166,165,2,911,11,106
2020-10-11,13569,168,71,2,929,18,103
2020-10-12,13670,169,101,1,935,6,103
2020-10-13,13712,169,42,0,939,4,103
2020-10-14,13773,173,61,4,951,12,109
2020-10-15,13872,183,99,10,961,10,105
2020-10-16,13962,184,90,1,978,17,103
2020-10-17,14047,185,85,1,988,10,100
2020-10-18,14143,186,96,1,1001,13,96
2020-10-19,14225,187,82,1,1005,4,96
2020-10-20,14262,187,37,0,1012,7,96
2020-10-21,14350,189,88,2,1025,13,81
2020-10-22,14427,203,77,14,1033,8,75
2020-10-23,14529,206,102,3,1045,12,75
2020-10-24,14669,209,140,3,1057,12,71
2020-10-25,14758,212,89,3,1065,8,64
2020-10-26,14877,212,119,0,1065,0,64
2020-10-27,14914,212,37,0,1067,2,64
2020-10-28,14978,215,64,3,1073,6,61
2020-10-29,15039,213,61,-2,1081,8,61
2020-10-30,15116,215,77,2,1090,9,62
2020-10-31,15216,216,100,1,1097,7,59
2020-11-01,15284,219,68,3,1105,8,58
2020-11-02,15367,219,83,0,1107,2,58
2020-11-03,15444,219,77,0,1111,4,65
2020-11-04,15531,219,87,0,1124,13,57
2020-11-05,15686,219,155,0,1125,1,57
2020-11-06,15785,219,99,0,1138,13,68
2020-11-07,15923,219,138,0,1147,9,69
2020-11-08,16051,220,128,1,1157,10,75
2020-11-09,16179,221,128,1,1161,4,75
2020-11-10,16242,221,63,0,1147,-14,75
2020-11-11,16320,222,78,1,1178,31,77
2020-11-12,16437,222,117,0,1178,0,77
2020-11-13,16534,222,97,0,1187,9,69
2020-11-14,16652,222,118,0,1194,7,63
2020-11-15,16759,222,107,0,1194,0,63
