"date","positive","death","positiveIncrease","deathIncrease","hospitalized","hospitalizedIncrease","hospitalizedCurrently"
2020-03-04,6,0,0,0,0,0,0
2020-03-05,22,0,16,0,0,0,0
2020-03-06,33,0,11,0,0,0,0
2020-03-07,76,0,43,0,0,0,0
2020-03-08,105,0,29,0,0,0,0
2020-03-09,142,0,37,0,0,0,0
2020-03-10,173,0,31,0,0,0,0
2020-03-11,216,0,43,0,0,0,0
2020-03-12,216,0,0,0,0,0,0
2020-03-13,421,0,205,0,0,0,0
2020-03-14,524,0,103,0,0,0,0
2020-03-15,729,3,205,3,0,0,0
2020-03-16,950,7,221,4,0,0,0
2020-03-17,1700,7,750,0,0,0,325
2020-03-18,2382,12,682,5,0,0,416
2020-03-19,4152,12,1770,0,0,0,617
2020-03-20,7102,35,2950,23,0,0,1042
2020-03-21,10356,44,3254,9,1531,1531,1436
2020-03-22,15168,114,4812,70,2354,823,2043
2020-03-23,20875,114,5707,0,3125,771,2629
2020-03-24,25665,210,4790,96,4041,916,3343
2020-03-25,30811,285,5146,75,5126,1085,4079
2020-03-26,37258,385,6447,100,6921,1795,5327
2020-03-27,44635,519,7377,134,8732,1811,6481
2020-03-28,52318,728,7683,209,10454,1722,7328
2020-03-29,59513,965,7195,237,12695,2241,8503
2020-03-30,66497,1218,6984,253,14578,1883,9517
2020-03-31,75795,1550,9298,332,17085,2507,10929
2020-04-01,83712,1941,7917,391,19929,2844,12226
2020-04-02,92381,2373,8669,432,22786,2857,13383
2020-04-03,102863,2935,10482,562,26210,3424,14810
2020-04-04,113704,3565,10841,630,29471,3261,15905
2020-04-05,122031,4159,8327,594,32293,2822,16479
2020-04-06,130689,4758,8658,599,34377,2084,16837
2020-04-07,138863,5489,8174,731,36932,2555,17493
2020-04-08,149316,6268,10453,779,39982,3050,18079
2020-04-09,159937,7067,10621,799,42852,2870,18279
2020-04-10,170512,7844,10575,777,45768,2916,18569
2020-04-11,180458,8627,9946,783,48297,2529,18654
2020-04-12,188694,9385,8236,758,50919,2622,18707
2020-04-13,195031,10056,6337,671,52936,2017,18825
2020-04-14,202208,10834,7177,778,54653,1717,18697
2020-04-15,213779,11586,11571,752,56968,2315,18335
2020-04-16,222284,12192,8505,606,59052,2084,17735
2020-04-17,229642,12822,7358,630,61120,2068,17316
2020-04-18,236732,13362,7090,540,63103,1983,16967
2020-04-19,242786,13869,6054,507,64550,1447,16213
2020-04-20,247512,14347,4726,478,65969,1419,16103
2020-04-21,251690,14828,4178,481,67271,1302,16135
2020-04-22,257216,15302,5526,474,68773,1502,15599
2020-04-23,263460,15740,6244,438,70182,1409,15021
2020-04-24,271590,16162,8130,422,71373,1191,14258
2020-04-25,282143,16599,10553,437,72444,1071,13524
2020-04-26,288045,16966,5902,367,73540,1096,12839
2020-04-27,291996,17303,3951,337,74602,1062,12819
2020-04-28,295106,17638,3110,335,75362,760,12646
2020-04-29,299691,18015,4585,377,76450,1088,12159
2020-04-30,304372,18321,4681,306,77400,950,11598
2020-05-01,308314,18610,3942,289,78224,824,10993
2020-05-02,312977,18909,4663,299,78942,718,10350
2020-05-03,316415,19189,3438,280,79768,826,9786
2020-05-04,318953,19415,2538,226,80376,608,9647
2020-05-05,321192,19645,2239,230,80918,542,9600
2020-05-06,323978,19877,2786,232,81570,652,9179
2020-05-07,327649,20828,3671,951,82197,627,8665
2020-05-08,330407,21045,2758,217,82730,533,8196
2020-05-09,333122,21271,2715,226,83285,555,7776
2020-05-10,335395,21478,2273,207,83761,476,7262
2020-05-11,337055,21640,1660,162,84194,433,7226
2020-05-12,338485,21845,1430,205,84489,295,7063
2020-05-13,340661,22013,2176,168,85008,519,6946
2020-05-14,343051,22170,2390,157,85454,446,6706
2020-05-15,345813,22304,2762,134,85782,328,6394
2020-05-16,348232,22478,2419,174,86207,425,6220
2020-05-17,350121,22619,1889,141,86575,368,5897
2020-05-18,351371,22729,1250,110,86901,326,5840
2020-05-19,352845,22843,1474,114,87169,268,5818
2020-05-20,354370,22976,1525,133,87459,290,5570
2020-05-21,356458,23083,2088,107,87638,179,5187
2020-05-22,358154,23195,1696,112,87843,205,4844
2020-05-23,359926,23282,1772,87,88083,240,4642
2020-05-24,361515,23391,1589,109,88324,241,4393
2020-05-25,362764,23488,1249,97,88554,230,4348
2020-05-26,363836,23564,1072,76,88686,132,4265
2020-05-27,364965,23643,1129,79,88866,180,4208
2020-05-28,366733,23722,1768,79,89042,176,4010
2020-05-29,368284,23780,1551,58,89194,152,3781
2020-05-30,369660,23848,1376,68,89400,206,3619
2020-05-31,370770,23905,1110,57,89590,190,3436
2020-06-01,371711,23959,941,54,89703,113,3331
2020-06-02,373040,24023,1329,64,89861,158,3121
2020-06-03,374085,24079,1045,56,89995,134,2978
2020-06-04,375133,24133,1048,54,89995,0,2849
2020-06-05,376208,24175,1075,42,89995,0,2728
2020-06-06,377316,24212,1108,37,89995,0,2603
2020-06-07,378097,24259,781,47,89995,0,2427
2020-06-08,378799,24299,702,40,89995,0,2371
2020-06-09,379482,24348,683,49,89995,0,2344
2020-06-10,380156,24404,674,56,89995,0,2190
2020-06-11,380892,24442,736,38,89995,0,2042
2020-06-12,381714,24495,822,53,89995,0,1898
2020-06-13,382630,24527,916,32,89995,0,1734
2020-06-14,383324,24551,694,24,89995,0,1657
2020-06-15,383944,24579,620,28,89995,0,1608
2020-06-16,384575,24608,631,29,89995,0,1538
2020-06-17,385142,24629,567,21,89995,0,1479
2020-06-18,385760,24661,618,32,89995,0,1358
2020-06-19,386556,24686,796,25,89995,0,1284
2020-06-20,387272,24710,716,24,89995,0,1220
2020-06-21,387936,24725,664,15,89995,0,1142
2020-06-22,388488,24739,552,14,89995,0,1122
2020-06-23,389085,24766,597,27,89995,0,1104
2020-06-24,389666,24782,581,16,89995,0,1071
2020-06-25,390415,24800,749,18,89995,0,996
2020-06-26,391220,24814,805,14,89995,0,951
2020-06-27,391923,24830,703,16,89995,0,908
2020-06-28,392539,24835,616,5,89995,0,869
2020-06-29,392930,24842,391,7,89995,0,853
2020-06-30,393454,24855,524,13,89995,0,891
2020-07-01,394079,24866,625,11,89995,0,879
2020-07-02,394954,24877,875,11,89995,0,878
2020-07-03,395872,24885,918,8,89995,0,857
2020-07-04,396598,24896,726,11,89995,0,844
2020-07-05,397131,24904,533,8,89995,0,832
2020-07-06,397649,24913,518,9,89995,0,817
2020-07-07,398237,24924,588,11,89995,0,836
2020-07-08,398929,24944,692,20,89995,0,841
2020-07-09,399513,24959,584,15,89995,0,851
2020-07-10,400299,24968,786,9,89995,0,826
2020-07-11,401029,24974,730,6,89995,0,799
2020-07-12,401706,24979,677,5,89995,0,801
2020-07-13,402263,24989,557,10,89995,0,792
2020-07-14,403175,24994,912,5,89995,0,820
2020-07-15,404006,25003,831,9,89995,0,831
2020-07-16,404775,25014,769,11,89995,0,813
2020-07-17,405551,25024,776,10,89995,0,765
2020-07-18,406305,25035,754,11,89995,0,743
2020-07-19,406807,25048,502,13,89995,0,722
2020-07-20,407326,25056,519,8,89995,0,716
2020-07-21,408181,25058,855,2,89995,0,724
2020-07-22,408886,25068,705,10,89995,0,714
2020-07-23,409697,25081,811,13,89995,0,706
2020-07-24,410450,25090,753,9,89995,0,650
2020-07-25,411200,25103,750,13,89995,0,646
2020-07-26,411736,25106,536,3,89995,0,637
2020-07-27,412344,25117,608,11,89995,0,642
2020-07-28,412878,25126,534,9,89995,0,648
2020-07-29,413593,25132,715,6,89995,0,619
2020-07-30,414370,25145,777,13,89995,0,586
2020-07-31,415014,25150,644,5,89995,0,576
2020-08-01,415767,25164,753,14,89995,0,581
2020-08-02,416298,25170,531,6,89995,0,556
2020-08-03,416843,25172,545,2,89995,0,536
2020-08-04,417589,25175,746,3,89995,0,568
2020-08-05,418225,25179,636,4,89995,0,564
2020-08-06,418928,25185,703,6,89995,0,570
2020-08-07,419642,25190,714,5,89995,0,579
2020-08-08,420345,25195,703,5,89995,0,573
2020-08-09,420860,25202,515,7,89995,0,548
2020-08-10,421336,25204,476,2,89995,0,535
2020-08-11,422003,25211,667,7,89995,0,540
2020-08-12,422703,25218,700,7,89995,0,558
2020-08-13,423440,25228,737,10,89995,0,555
2020-08-14,424167,25232,727,4,89995,0,554
2020-08-15,424901,25244,734,12,89995,0,523
2020-08-16,425508,25250,607,6,89995,0,527
2020-08-17,425916,25256,408,6,89995,0,534
2020-08-18,426571,25264,655,8,89995,0,537
2020-08-19,427202,25270,631,6,89995,0,548
2020-08-20,427803,25275,601,5,89995,0,518
2020-08-21,428512,25278,709,3,89995,0,490
2020-08-22,429165,25282,653,4,89995,0,483
2020-08-23,429737,25288,572,6,89995,0,472
2020-08-24,430145,25295,408,7,89995,0,482
2020-08-25,430774,25297,629,2,89995,0,488
2020-08-26,431340,25305,566,8,89995,0,492
2020-08-27,432131,25309,791,4,89995,0,490
2020-08-28,432767,25312,636,3,89995,0,478
2020-08-29,433402,25319,635,7,89995,0,458
2020-08-30,434100,25327,698,8,89995,0,429
2020-08-31,434756,25328,656,1,89995,0,418
2020-09-01,435510,25331,754,3,89995,0,432
2020-09-02,436218,25336,708,5,89995,0,445
2020-09-03,437107,25343,889,7,89995,0,430
2020-09-04,437971,25348,864,5,89995,0,428
2020-09-05,438772,25350,801,2,89995,0,425
2020-09-06,439501,25359,729,9,89995,0,410
2020-09-07,440021,25361,520,2,89995,0,413
2020-09-08,440578,25367,557,6,89995,0,445
2020-09-09,441154,25370,576,3,89995,0,463
2020-09-10,441911,25377,757,7,89995,0,482
2020-09-11,442791,25382,880,5,89995,0,474
2020-09-12,443640,25384,849,2,89995,0,467
2020-09-13,444365,25390,725,6,89995,0,464
2020-09-14,444948,25394,583,4,89995,0,464
2020-09-15,445714,25405,766,11,89995,0,481
2020-09-16,446366,25410,652,5,89995,0,483
2020-09-17,447262,25413,896,3,89995,0,486
2020-09-18,448052,25423,790,10,89995,0,478
2020-09-19,449038,25425,986,2,89995,0,467
2020-09-20,449900,25427,862,2,89995,0,468
2020-09-21,450473,25428,573,1,89995,0,468
2020-09-22,451227,25432,754,4,89995,0,470
2020-09-23,451892,25437,665,5,89995,0,490
2020-09-24,452847,25439,955,2,89995,0,500
2020-09-25,453755,25446,908,7,89995,0,511
2020-09-26,454760,25450,1005,4,89995,0,527
2020-09-27,455626,25456,866,6,89995,0,541
2020-09-28,456460,25468,834,12,89995,0,543
2020-09-29,457649,25470,1189,2,89995,0,541
2020-09-30,458649,25479,1000,9,89995,0,605
2020-10-01,460031,25490,1382,11,89995,0,612
2020-10-02,461629,25497,1598,7,89995,0,648
2020-10-03,463360,25505,1731,8,89995,0,647
2020-10-04,464582,25519,1222,14,89995,0,618
2020-10-05,465515,25527,933,8,89995,0,636
2020-10-06,466908,25536,1393,9,89995,0,705
2020-10-07,468268,25545,1360,9,89995,0,748
2020-10-08,470104,25555,1836,10,89995,0,754
2020-10-09,471696,25561,1592,6,89995,0,779
2020-10-10,473143,25569,1447,8,89995,0,826
2020-10-11,474286,25574,1143,5,89995,0,820
2020-10-12,475315,25587,1029,13,89995,0,878
2020-10-13,476708,25598,1393,11,89995,0,923
2020-10-14,477940,25605,1232,7,89995,0,938
2020-10-15,479400,25618,1460,13,89995,0,897
2020-10-16,481107,25628,1707,10,89995,0,918
2020-10-17,482891,25637,1784,9,89995,0,929
2020-10-18,484281,25644,1390,7,89995,0,913
2020-10-19,485279,25659,998,15,89995,0,934
2020-10-20,486480,25672,1201,13,89995,0,942
2020-10-21,488506,25679,2026,7,89995,0,950
2020-10-22,490134,25694,1628,15,89995,0,986
2020-10-23,491771,25705,1637,11,89995,0,1023
2020-10-24,493832,25718,2061,13,89995,0,1045
2020-10-25,495464,25730,1632,12,89995,0,1015
2020-10-26,496655,25742,1191,12,89995,0,1059
2020-10-27,498646,25758,1991,16,89995,0,1083
2020-10-28,500677,25773,2031,15,89995,0,1085
2020-10-29,503176,25792,2499,19,89995,0,1085
2020-10-30,505431,25804,2255,12,89995,0,1085
2020-10-31,507480,25807,2049,3,89995,0,1121
2020-11-01,509735,25824,2255,17,89995,0,1125
2020-11-02,511368,25838,1633,14,89995,0,1151
2020-11-03,513689,25853,2321,15,89995,0,1227
2020-11-04,515815,25868,2126,15,89995,0,1253
2020-11-05,518812,25892,2997,24,89995,0,1277
2020-11-06,522021,25910,3209,18,89995,0,1321
2020-11-07,525608,25928,3587,18,89995,0,1381
2020-11-08,529036,25947,3428,19,89995,0,1396
2020-11-09,532180,25973,3144,26,89995,0,1444
2020-11-10,536145,26005,3965,32,89995,0,1548
2020-11-11,540965,26026,4820,21,89995,0,1628
2020-11-12,545762,26055,4797,29,89995,0,1677
2020-11-13,551163,26079,5401,24,89995,0,1737
2020-11-14,556551,26103,5388,24,89995,0,1788
2020-11-15,560200,26133,3649,30,89995,0,1845
